@4400
00 00 00 00 00 00 00 00 00 00 00 00 00 00 00 00 
00 00 00 00 00 00 00 00 00 00 00 00 00 00 00 00 
00 00 00 00 00 00 00 00 00 00 00 00 00 00 00 00 
00 00 00 00 00 00 00 00 00 00 00 00 00 00 00 00 
00 00 00 00 00 00 00 00 00 00 00 00 00 00 00 00 
00 00 00 00 00 00 00 00 00 00 00 00 00 00 00 00 
00 00 00 00 00 00 00 00 00 00 00 00 00 00 00 00 
00 00 00 00 00 00 00 00 00 00 00 00 00 00 00 00 
00 00 00 00 00 00 00 00 00 00 00 00 00 00 00 00 
00 00 00 00 00 00 00 00 00 00 00 00 00 00 00 00 
00 00 00 00 00 00 00 00 00 00 00 00 00 00 00 00 
00 00 00 00 00 00 00 00 00 00 00 00 00 00 00 00 
00 00 00 00 00 00 00 00 00 00 00 00 00 00 00 00 
00 00 00 00 00 00 00 00 00 00 00 00 00 00 00 00 
00 00 00 00 00 00 00 00 00 00 00 00 00 00 00 00 
00 00 00 00 00 00 00 00 00 00 00 00 00 00 00 00 
00 00 00 00 00 00 00 00 00 00 00 00 00 00 00 00 
00 00 00 00 00 00 00 00 00 00 00 00 00 00 00 00 
00 00 00 00 00 00 00 00 00 00 00 00 00 00 00 00 
00 00 00 00 00 00 00 00 00 00 00 00 00 00 00 00 
00 00 00 00 00 00 00 00 00 00 00 00 00 00 00 00 
00 00 00 00 00 00 00 00 00 00 00 00 00 00 00 00 
00 00 00 00 00 00 00 00 00 00 00 00 00 00 00 00 
00 00 00 00 00 00 00 00 00 00 00 00 00 00 00 00 
00 00 00 00 00 00 00 00 00 00 00 00 00 00 00 00 
00 00 00 00 00 00 00 00 00 00 00 00 00 00 00 00 
00 00 00 00 00 00 00 00 00 00 00 00 00 00 00 00 
00 00 00 00 00 00 00 00 00 00 00 00 00 00 00 00 
00 00 00 00 00 00 00 00 00 00 00 00 00 00 00 00 
00 00 00 00 00 00 00 00 00 00 00 00 00 00 00 00 
00 00 00 00 00 00 00 00 00 00 00 00 00 00 00 00 
00 00 00 00 00 00 00 00 00 00 00 00 00 00 00 00 
00 00 00 00 00 00 00 00 00 00 00 00 00 00 00 00 
00 00 00 00 00 00 00 00 00 00 00 00 00 00 00 00 
00 00 00 00 00 00 00 00 00 00 00 00 00 00 00 00 
00 00 00 00 00 00 00 00 00 00 00 00 00 00 00 00 
00 00 00 00 00 00 00 00 00 00 00 00 00 00 00 00 
00 00 00 00 00 00 00 00 00 00 00 00 00 00 00 00 
00 00 00 00 00 00 00 00 00 00 00 00 00 00 00 00 
00 00 00 00 00 00 00 00 00 00 00 00 00 00 00 00 
00 00 00 00 00 00 00 00 00 00 00 00 00 00 00 00 
00 00 00 00 00 00 00 00 00 00 00 00 00 00 00 00 
00 00 00 00 00 00 00 00 00 00 00 00 00 00 00 00 
00 00 00 00 00 00 00 00 00 00 00 00 00 00 00 00 
00 00 00 00 00 00 00 00 00 00 00 00 00 00 00 00 
00 00 00 00 00 00 00 00 00 00 00 00 00 00 00 00 
00 00 00 00 00 00 00 00 00 00 00 00 00 00 00 00 
00 00 00 00 00 00 00 00 00 00 00 00 00 00 00 00 
00 00 00 00 00 00 00 00 00 00 00 00 00 00 00 00 
00 00 00 00 00 00 00 00 00 00 00 00 00 00 00 00 
00 00 00 00 00 00 00 00 00 00 00 00 00 00 00 00 
00 00 00 00 00 00 00 00 00 00 00 00 00 00 00 00 
00 00 00 00 00 00 00 00 00 00 00 00 00 00 00 00 
00 00 00 00 00 00 00 00 00 00 00 00 00 00 00 00 
00 00 00 00 00 00 00 00 00 00 00 00 00 00 00 00 
00 00 00 00 00 00 00 00 00 00 00 00 00 00 00 00 
00 00 00 00 00 00 00 00 00 00 00 00 00 00 00 00 
00 00 00 00 00 00 00 00 00 00 00 00 00 00 00 00 
00 00 00 00 00 00 00 00 00 00 00 00 00 00 00 00 
00 00 00 00 00 00 00 00 00 00 00 00 00 00 00 00 
00 00 00 00 00 00 00 00 00 00 00 00 00 00 00 00 
00 00 00 00 00 00 00 00 00 00 00 00 00 00 00 00 
00 00 00 00 00 00 00 00 00 00 00 00 00 00 00 00 
00 00 00 00 00 00 00 00 00 00 00 00 00 00 00 00 
00 00 00 00 00 00 00 00 00 00 00 00 00 00 00 00 
00 00 00 00 00 00 00 00 00 00 00 00 00 00 00 00 
00 00 00 00 00 00 00 00 00 00 00 00 00 00 00 00 
00 00 00 00 00 00 00 00 00 00 00 00 00 00 00 00 
00 00 00 00 00 00 00 00 00 00 00 00 00 00 00 00 
00 00 00 00 00 00 00 00 00 00 00 00 00 00 00 00 
00 00 00 00 00 00 00 00 00 00 00 00 00 00 00 00 
00 00 00 00 00 00 00 00 00 00 00 00 00 00 00 00 
00 00 00 00 00 00 00 00 00 00 00 00 00 00 00 00 
00 00 00 00 00 00 00 00 00 00 00 00 00 00 00 00 
00 00 00 00 00 00 00 00 00 00 00 00 00 00 00 00 
00 00 00 00 00 00 00 00 00 00 00 00 00 00 00 00 
00 00 00 00 00 00 00 00 00 00 00 00 00 00 00 00 
00 00 00 00 00 00 00 00 00 00 00 00 00 00 00 00 
00 00 00 00 00 00 00 00 00 00 00 00 00 00 00 00 
00 00 00 00 00 00 00 00 00 00 00 00 00 00 00 00 
00 00 00 00 00 00 00 00 00 00 00 00 00 00 00 00 
00 00 00 00 00 00 00 00 00 00 00 00 00 00 00 00 
00 00 00 00 00 00 00 00 00 00 00 00 00 00 00 00 
00 00 00 00 00 00 00 00 00 00 00 00 00 00 00 00 
00 00 00 00 00 00 00 00 00 00 00 00 00 00 00 00 
00 00 00 00 00 00 00 00 00 00 00 00 00 00 00 00 
00 00 00 00 00 00 00 00 00 00 00 00 00 00 00 00 
00 00 00 00 00 00 00 00 00 00 00 00 00 00 00 00 
00 00 00 00 00 00 00 00 00 00 00 00 00 00 00 00 
00 00 00 00 00 00 00 00 00 00 00 00 00 00 00 00 
00 00 00 00 00 00 00 00 00 00 00 00 00 00 00 00 
00 00 00 00 00 00 00 00 00 00 00 00 00 00 00 00 
00 00 00 00 00 00 00 00 00 00 00 00 00 00 00 00 
00 00 00 00 00 00 00 00 00 00 00 00 00 00 00 00 
00 00 00 00 00 00 00 00 00 00 00 00 00 00 00 00 
00 00 00 00 00 00 00 00 00 00 00 00 00 00 00 00 
00 00 00 00 00 00 00 00 00 00 00 00 00 00 00 00 
00 00 00 00 00 00 00 00 00 00 00 00 00 00 00 00 
00 00 00 00 00 00 00 00 00 00 00 00 00 00 00 00 
00 00 00 00 00 00 00 00 00 00 00 00 00 00 00 00 
00 00 00 00 00 00 00 00 00 00 00 00 00 00 00 00 
00 00 00 00 00 00 00 00 00 00 00 00 00 00 00 00 
00 00 00 00 00 00 00 00 00 00 00 00 00 00 00 00 
00 00 00 00 00 00 00 00 00 00 00 00 00 00 00 00 
00 00 00 00 00 00 00 00 00 00 00 00 00 00 00 00 
00 00 00 00 00 00 00 00 00 00 00 00 00 00 00 00 
00 00 00 00 00 00 00 00 00 00 00 00 00 00 00 00 
00 00 00 00 00 00 00 00 00 00 00 00 00 00 00 00 
00 00 00 00 00 00 00 00 00 00 00 00 00 00 00 00 
00 00 00 00 00 00 00 00 00 00 00 00 00 00 00 00 
00 00 00 00 00 00 00 00 00 00 00 00 00 00 00 00 
00 00 00 00 00 00 00 00 00 00 00 00 00 00 00 00 
00 00 00 00 00 00 00 00 00 00 00 00 00 00 00 00 
00 00 00 00 00 00 00 00 00 00 00 00 00 00 00 00 
00 00 00 00 00 00 00 00 00 00 00 00 00 00 00 00 
00 00 00 00 00 00 00 00 00 00 00 00 00 00 00 00 
00 00 00 00 00 00 00 00 00 00 00 00 00 00 00 00 
00 00 00 00 00 00 00 00 00 00 00 00 00 00 00 00 
00 00 00 00 00 00 00 00 00 00 00 00 00 00 00 00 
00 00 00 00 00 00 00 00 00 00 00 00 00 00 00 00 
00 00 00 00 00 00 00 00 00 00 00 00 00 00 00 00 
00 00 00 00 00 00 00 00 00 00 00 00 00 00 00 00 
00 00 00 00 00 00 00 00 00 00 00 00 00 00 00 00 
00 00 00 00 00 00 00 00 00 00 00 00 00 00 00 00 
00 00 00 00 00 00 00 00 00 00 00 00 00 00 00 00 
00 00 00 00 00 00 00 00 00 00 00 00 00 00 00 00 
00 00 00 00 00 00 00 00 00 00 00 00 00 00 00 00 
00 00 00 00 00 00 00 00 00 00 00 00 00 00 00 00 
00 00 00 00 00 00 00 00 00 00 00 00 00 00 00 00 
00 00 00 00 00 00 00 00 00 00 00 00 00 00 00 00 
00 00 00 00 00 00 00 00 00 00 00 00 00 00 00 00 
00 00 00 00 00 00 00 00 00 00 00 00 00 00 00 00 
00 00 00 00 00 00 00 00 00 00 00 00 00 00 00 00 
00 00 00 00 00 00 00 00 00 00 00 00 00 00 00 00 
00 00 00 00 00 00 00 00 00 00 00 00 00 00 00 00 
00 00 00 00 00 00 00 00 00 00 00 00 00 00 00 00 
00 00 00 00 00 00 00 00 00 00 00 00 00 00 00 00 
00 00 00 00 00 00 00 00 00 00 00 00 00 00 00 00 
00 00 00 00 00 00 00 00 00 00 00 00 00 00 00 00 
00 00 00 00 00 00 00 00 00 00 00 00 00 00 00 00 
00 00 00 00 00 00 00 00 00 00 00 00 00 00 00 00 
00 00 00 00 00 00 00 00 00 00 00 00 00 00 00 00 
00 00 00 00 00 00 00 00 00 00 00 00 00 00 00 00 
00 00 00 00 00 00 00 00 00 00 00 00 00 00 00 00 
00 00 00 00 00 00 00 00 00 00 00 00 00 00 00 00 
00 00 00 00 00 00 00 00 00 00 00 00 00 00 00 00 
00 00 00 00 00 00 00 00 00 00 00 00 00 00 00 00 
00 00 00 00 00 00 00 00 00 00 00 00 00 00 00 00 
00 00 00 00 00 00 00 00 00 00 00 00 00 00 00 00 
00 00 00 00 00 00 00 00 00 00 00 00 00 00 00 00 
00 00 00 00 00 00 00 00 00 00 00 00 00 00 00 00 
00 00 00 00 00 00 00 00 00 00 00 00 00 00 00 00 
00 00 00 00 00 00 00 00 00 00 00 00 00 00 00 00 
00 00 00 00 00 00 00 00 00 00 00 00 00 00 00 00 
00 00 00 00 00 00 00 00 00 00 00 00 00 00 00 00 
00 00 00 00 00 00 00 00 00 00 00 00 00 00 00 00 
00 00 00 00 00 00 00 00 00 00 00 00 00 00 00 00 
00 00 00 00 00 00 00 00 00 00 00 00 00 00 00 00 
00 00 00 00 00 00 00 00 00 00 00 00 00 00 00 00 
00 00 00 00 00 00 00 00 00 00 00 00 00 00 00 00 
00 00 00 00 00 00 00 00 00 00 00 00 00 00 00 00 
00 00 00 00 00 00 00 00 00 00 00 00 00 00 00 00 
00 00 00 00 00 00 00 00 00 00 00 00 00 00 00 00 
00 00 00 00 00 00 00 00 00 00 00 00 00 00 00 00 
00 00 00 00 00 00 00 00 00 00 00 00 00 00 00 00 
00 00 00 00 00 00 00 00 00 00 00 00 00 00 00 00 
00 00 00 00 00 00 00 00 00 00 00 00 00 00 00 00 
00 00 00 00 00 00 00 00 00 00 00 00 00 00 00 00 
00 00 00 00 00 00 00 00 00 00 00 00 00 00 00 00 
00 00 00 00 00 00 00 00 00 00 00 00 00 00 00 00 
00 00 00 00 00 00 00 00 00 00 00 00 00 00 00 00 
00 00 00 00 00 00 00 00 00 00 00 00 00 00 00 00 
00 00 00 00 00 00 00 00 00 00 00 00 00 00 00 00 
00 00 00 00 00 00 00 00 00 00 00 00 00 00 00 00 
00 00 00 00 00 00 00 00 00 00 00 00 00 00 00 00 
00 00 00 00 00 00 00 00 00 00 00 00 00 00 00 00 
00 00 00 00 00 00 00 00 00 00 00 00 00 00 00 00 
00 00 00 00 00 00 00 00 00 00 00 00 00 00 00 00 
00 00 00 00 00 00 00 00 00 00 00 00 00 00 00 00 
00 00 00 00 00 00 00 00 00 00 00 00 00 00 00 00 
00 00 00 00 00 00 00 00 00 00 00 00 00 00 00 00 
00 00 00 00 00 00 00 00 00 00 00 00 00 00 00 00 
00 00 00 00 00 00 00 00 00 00 00 00 00 00 00 00 
00 00 00 00 00 00 00 00 00 00 00 00 00 00 00 00 
00 00 00 00 00 00 00 00 00 00 00 00 00 00 00 00 
00 00 00 00 00 00 00 00 00 00 00 00 00 00 00 00 
00 00 00 00 00 00 00 00 00 00 00 00 00 00 00 00 
00 00 00 00 00 00 00 00 00 00 00 00 00 00 00 00 
00 00 00 00 00 00 00 00 00 00 00 00 00 00 00 00 
00 00 00 00 00 00 00 00 00 00 00 00 00 00 00 00 
00 00 00 00 00 00 00 00 00 00 00 00 00 00 00 00 
00 00 00 00 00 00 00 00 00 00 00 00 00 00 00 00 
00 00 00 00 00 00 00 00 00 00 00 00 00 00 00 00 
00 00 00 00 00 00 00 00 00 00 00 00 00 00 00 00 
00 00 00 00 00 00 00 00 00 00 00 00 00 00 00 00 
00 00 00 00 00 00 00 00 00 00 00 00 00 00 00 00 
00 00 00 00 00 00 00 00 00 00 00 00 00 00 00 00 
00 00 00 00 00 00 00 00 00 00 00 00 00 00 00 00 
00 00 00 00 00 00 00 00 00 00 00 00 00 00 00 00 
00 00 00 00 00 00 00 00 00 00 00 00 00 00 00 00 
00 00 00 00 00 00 00 00 00 00 00 00 00 00 00 00 
00 00 00 00 00 00 00 00 00 00 00 00 00 00 00 00 
00 00 00 00 00 00 00 00 00 00 00 00 00 00 00 00 
00 00 00 00 00 00 00 00 00 00 00 00 00 00 00 00 
00 00 00 00 00 00 00 00 00 00 00 00 00 00 00 00 
00 00 00 00 00 00 00 00 00 00 00 00 00 00 00 00 
00 00 00 00 00 00 00 00 00 00 00 00 00 00 00 00 
00 00 00 00 00 00 00 00 00 00 00 00 00 00 00 00 
00 00 00 00 00 00 00 00 00 00 00 00 00 00 00 00 
00 00 00 00 00 00 00 00 00 00 00 00 00 00 00 00 
00 00 00 00 00 00 00 00 00 00 00 00 00 00 00 00 
00 00 00 00 00 00 00 00 00 00 00 00 00 00 00 00 
00 00 00 00 00 00 00 00 00 00 00 00 00 00 00 00 
00 00 00 00 00 00 00 00 00 00 00 00 00 00 00 00 
00 00 00 00 00 00 00 00 00 00 00 00 00 00 00 00 
00 00 00 00 00 00 00 00 00 00 00 00 00 00 00 00 
00 00 00 00 00 00 00 00 00 00 00 00 00 00 00 00 
00 00 00 00 00 00 00 00 00 00 00 00 00 00 00 00 
00 00 00 00 00 00 00 00 00 00 00 00 00 00 00 00 
00 00 00 00 00 00 00 00 00 00 00 00 00 00 00 00 
00 00 00 00 00 00 00 00 00 00 00 00 00 00 00 00 
00 00 00 00 00 00 00 00 00 00 00 00 00 00 00 00 
00 00 00 00 00 00 00 00 00 00 00 00 00 00 00 00 
00 00 00 00 00 00 00 00 00 00 00 00 00 00 00 00 
00 00 00 00 00 00 00 00 00 00 00 00 00 00 00 00 
00 00 00 00 00 00 00 00 00 00 00 00 00 00 00 00 
00 00 00 00 00 00 00 00 00 00 00 00 00 00 00 00 
00 00 00 00 00 00 00 00 00 00 00 00 00 00 00 00 
00 00 00 00 00 00 00 00 00 00 00 00 00 00 00 00 
00 00 00 00 00 00 00 00 00 00 00 00 00 00 00 00 
00 00 00 00 00 00 00 00 00 00 00 00 00 00 00 00 
00 00 00 00 00 00 00 00 00 00 00 00 00 00 00 00 
00 00 00 00 00 00 00 00 00 00 00 00 00 00 00 00 
00 00 00 00 00 00 00 00 00 00 00 00 00 00 00 00 
00 00 00 00 00 00 00 00 00 00 00 00 00 00 00 00 
00 00 00 00 00 00 00 00 00 00 00 00 00 00 00 00 
00 00 00 00 00 00 00 00 00 00 00 00 00 00 00 00 
00 00 00 00 00 00 00 00 00 00 00 00 00 00 00 00 
00 00 00 00 00 00 00 00 00 00 00 00 00 00 00 00 
00 00 00 00 00 00 00 00 00 00 00 00 00 00 00 00 
00 00 00 00 00 00 00 00 00 00 00 00 00 00 00 00 
00 00 00 00 00 00 00 00 00 00 00 00 00 00 00 00 
00 00 00 00 00 00 00 00 00 00 00 00 00 00 00 00 
00 00 00 00 00 00 00 00 00 00 00 00 00 00 00 00 
00 00 00 00 00 00 00 00 00 00 00 00 00 00 00 00 
00 00 00 00 00 00 00 00 00 00 00 00 00 00 00 00 
00 00 00 00 00 00 00 00 00 00 00 00 00 00 00 00 
00 00 00 00 00 00 00 00 00 00 00 00 00 00 00 00 
00 00 00 00 00 00 00 00 00 00 00 00 00 00 00 00 
00 00 00 00 00 00 00 00 00 00 00 00 00 00 00 00 
00 00 00 00 00 00 00 00 00 00 00 00 00 00 00 00 
00 00 00 00 00 00 00 00 00 00 00 00 00 00 00 00 
00 00 00 00 00 00 00 00 00 00 00 00 00 00 00 00 
00 00 00 00 00 00 00 00 00 00 00 00 00 00 00 00 
00 00 00 00 00 00 00 00 00 00 00 00 00 00 00 00 
00 00 00 00 00 00 00 00 00 00 00 00 00 00 00 00 
00 00 00 00 00 00 00 00 00 00 00 00 00 00 00 00 
00 00 00 00 00 00 00 00 00 00 00 00 00 00 00 00 
00 00 00 00 00 00 00 00 00 00 00 00 00 00 00 00 
00 00 00 00 00 00 00 00 00 00 00 00 00 00 00 00 
00 00 00 00 00 00 00 00 00 00 00 00 00 00 00 00 
00 00 00 00 00 00 00 00 00 00 00 00 00 00 00 00 
00 00 00 00 00 00 00 00 00 00 00 00 00 00 00 00 
00 00 00 00 00 00 00 00 00 00 00 00 00 00 00 00 
00 00 00 00 00 00 00 00 00 00 00 00 00 00 00 00 
00 00 00 00 00 00 00 00 00 00 00 00 00 00 00 00 
00 00 00 00 00 00 00 00 00 00 00 00 00 00 00 00 
00 00 00 00 00 00 00 00 00 00 00 00 00 00 00 00 
00 00 00 00 00 00 00 00 00 00 00 00 00 00 00 00 
00 00 00 00 00 00 00 00 00 00 00 00 00 00 00 00 
00 00 00 00 00 00 00 00 00 00 00 00 00 00 00 00 
00 00 00 00 00 00 00 00 00 00 00 00 00 00 00 00 
00 00 00 00 00 00 00 00 00 00 00 00 00 00 00 00 
00 00 00 00 00 00 00 00 00 00 00 00 00 00 00 00 
00 00 00 00 00 00 00 00 00 00 00 00 00 00 00 00 
00 00 00 00 00 00 00 00 00 00 00 00 00 00 00 00 
00 00 00 00 00 00 00 00 00 00 00 00 00 00 00 00 
00 00 00 00 00 00 00 00 00 00 00 00 00 00 00 00 
00 00 00 00 00 00 00 00 00 00 00 00 00 00 00 00 
00 00 00 00 00 00 00 00 00 00 00 00 00 00 00 00 
00 00 00 00 00 00 00 00 00 00 00 00 00 00 00 00 
00 00 00 00 00 00 00 00 00 00 00 00 00 00 00 00 
00 00 00 00 00 00 00 00 00 00 00 00 00 00 00 00 
00 00 00 00 00 00 00 00 00 00 00 00 00 00 00 00 
00 00 00 00 00 00 00 00 00 00 00 00 00 00 00 00 
00 00 00 00 00 00 00 00 00 00 00 00 00 00 00 00 
00 00 00 00 00 00 00 00 00 00 00 00 00 00 00 00 
00 00 00 00 00 00 00 00 00 00 00 00 00 00 00 00 
00 00 00 00 00 00 00 00 00 00 00 00 00 00 00 00 
00 00 00 00 00 00 00 00 00 00 00 00 00 00 00 00 
00 00 00 00 00 00 00 00 00 00 00 00 00 00 00 00 
00 00 00 00 00 00 00 00 00 00 00 00 00 00 00 00 
00 00 00 00 00 00 00 00 00 00 00 00 00 00 00 00 
00 00 00 00 00 00 00 00 00 00 00 00 00 00 00 00 
00 00 00 00 00 00 00 00 00 00 00 00 00 00 00 00 
00 00 00 00 00 00 00 00 00 00 00 00 00 00 00 00 
00 00 00 00 00 00 00 00 00 00 00 00 00 00 00 00 
00 00 00 00 00 00 00 00 00 00 00 00 00 00 00 00 
00 00 00 00 00 00 00 00 00 00 00 00 00 00 00 00 
00 00 00 00 00 00 00 00 00 00 00 00 00 00 00 00 
00 00 00 00 00 00 00 00 00 00 00 00 00 00 00 00 
00 00 00 00 00 00 00 00 00 00 00 00 00 00 00 00 
00 00 00 00 00 00 00 00 00 00 00 00 00 00 00 00 
00 00 00 00 00 00 00 00 00 00 00 00 00 00 00 00 
00 00 00 00 00 00 00 00 00 00 00 00 00 00 00 00 
00 00 00 00 00 00 00 00 00 00 00 00 00 00 00 00 
00 00 00 00 00 00 00 00 00 00 00 00 00 00 00 00 
00 00 00 00 00 00 00 00 00 00 00 00 00 00 00 00 
00 00 00 00 00 00 00 00 00 00 00 00 00 00 00 00 
00 00 00 00 00 00 00 00 00 00 00 00 00 00 00 00 
00 00 00 00 00 00 00 00 00 00 00 00 00 00 00 00 
00 00 00 00 00 00 00 00 00 00 00 00 00 00 00 00 
00 00 00 00 00 00 00 00 00 00 00 00 00 00 00 00 
00 00 00 00 00 00 00 00 00 00 00 00 00 00 00 00 
00 00 00 00 00 00 00 00 00 00 00 00 00 00 00 00 
00 00 00 00 00 00 00 00 00 00 00 00 00 00 00 00 
00 00 00 00 00 00 00 00 00 00 00 00 00 00 00 00 
00 00 00 00 00 00 00 00 00 00 00 00 00 00 00 00 
00 00 00 00 00 00 00 00 00 00 00 00 00 00 00 00 
00 00 00 00 00 00 00 00 00 00 00 00 00 00 00 00 
00 00 00 00 00 00 00 00 00 00 00 00 00 00 00 00 
00 00 00 00 00 00 00 00 00 00 00 00 00 00 00 00 
00 00 00 00 00 00 00 00 00 00 00 00 00 00 00 00 
00 00 00 00 00 00 00 00 00 00 00 00 00 00 00 00 
00 00 00 00 00 00 00 00 00 00 00 00 00 00 00 00 
00 00 00 00 00 00 00 00 00 00 00 00 00 00 00 00 
00 00 00 00 00 00 00 00 00 00 00 00 00 00 00 00 
00 00 00 00 00 00 00 00 00 00 00 00 00 00 00 00 
00 00 00 00 00 00 00 00 00 00 00 00 00 00 00 00 
00 00 00 00 00 00 00 00 00 00 00 00 00 00 00 00 
00 00 00 00 00 00 00 00 00 00 00 00 00 00 00 00 
00 00 00 00 00 00 00 00 00 00 00 00 00 00 00 00 
00 00 00 00 00 00 00 00 00 00 00 00 00 00 00 00 
00 00 00 00 00 00 00 00 00 00 00 00 00 00 00 00 
00 00 00 00 00 00 00 00 00 00 00 00 00 00 00 00 
00 00 00 00 00 00 00 00 00 00 00 00 00 00 00 00 
00 00 00 00 00 00 00 00 00 00 00 00 00 00 00 00 
00 00 00 00 00 00 00 00 00 00 00 00 00 00 00 00 
00 00 00 00 00 00 00 00 00 00 00 00 00 00 00 00 
00 00 00 00 00 00 00 00 00 00 00 00 00 00 00 00 
00 00 00 00 00 00 00 00 00 00 00 00 00 00 00 00 
00 00 00 00 00 00 00 00 00 00 00 00 00 00 00 00 
00 00 00 00 00 00 00 00 00 00 00 00 00 00 00 00 
00 00 00 00 00 00 00 00 00 00 00 00 00 00 00 00 
00 00 00 00 00 00 00 00 00 00 00 00 00 00 00 00 
00 00 00 00 00 00 00 00 00 00 00 00 00 00 00 00 
00 00 00 00 00 00 00 00 00 00 00 00 00 00 00 00 
00 00 00 00 00 00 00 00 00 00 00 00 00 00 00 00 
00 00 00 00 00 00 00 00 00 00 00 00 00 00 00 00 
00 00 00 00 00 00 00 00 00 00 00 00 00 00 00 00 
00 00 00 00 00 00 00 00 00 00 00 00 00 00 00 00 
00 00 00 00 00 00 00 00 00 00 00 00 00 00 00 00 
00 00 00 00 00 00 00 00 00 00 00 00 00 00 00 00 
00 00 00 00 00 00 00 00 00 00 00 00 00 00 00 00 
00 00 00 00 00 00 00 00 00 00 00 00 00 00 00 00 
00 00 00 00 00 00 00 00 00 00 00 00 00 00 00 00 
00 00 00 00 00 00 00 00 00 00 00 00 00 00 00 00 
00 00 00 00 00 00 00 00 00 00 00 00 00 00 00 00 
00 00 00 00 00 00 00 00 00 00 00 00 00 00 00 00 
00 00 00 00 00 00 00 00 00 00 00 00 00 00 00 00 
00 00 00 00 00 00 00 00 00 00 00 00 00 00 00 00 
00 00 00 00 00 00 00 00 00 00 00 00 00 00 00 00 
00 00 00 00 00 00 00 00 00 00 00 00 00 00 00 00 
00 00 00 00 00 00 00 00 00 00 00 00 00 00 00 00 
00 00 00 00 00 00 00 00 00 00 00 00 00 00 00 00 
00 00 00 00 00 00 00 00 00 00 00 00 00 00 00 00 
00 00 00 00 00 00 00 00 00 00 00 00 00 00 00 00 
00 00 00 00 00 00 00 00 00 00 00 00 00 00 00 00 
00 00 00 00 00 00 00 00 00 00 00 00 00 00 00 00 
00 00 00 00 00 00 00 00 00 00 00 00 00 00 00 00 
00 00 00 00 00 00 00 00 00 00 00 00 00 00 00 00 
00 00 00 00 00 00 00 00 00 00 00 00 00 00 00 00 
00 00 00 00 00 00 00 00 00 00 00 00 00 00 00 00 
00 00 00 00 00 00 00 00 00 00 00 00 00 00 00 00 
00 00 00 00 00 00 00 00 00 00 00 00 00 00 00 00 
00 00 00 00 00 00 00 00 00 00 00 00 00 00 00 00 
00 00 00 00 00 00 00 00 00 00 00 00 00 00 00 00 
00 00 00 00 00 00 00 00 00 00 00 00 00 00 00 00 
00 00 00 00 00 00 00 00 00 00 00 00 00 00 00 00 
00 00 00 00 00 00 00 00 00 00 00 00 00 00 00 00 
00 00 00 00 00 00 00 00 00 00 00 00 00 00 00 00 
00 00 00 00 00 00 00 00 00 00 00 00 00 00 00 00 
00 00 00 00 00 00 00 00 00 00 00 00 00 00 00 00 
00 00 00 00 00 00 00 00 00 00 00 00 00 00 00 00 
00 00 00 00 00 00 00 00 00 00 00 00 00 00 00 00 
00 00 00 00 00 00 00 00 00 00 00 00 00 00 00 00 
00 00 00 00 00 00 00 00 00 00 00 00 00 00 00 00 
00 00 00 00 00 00 00 00 00 00 00 00 00 00 00 00 
00 00 00 00 00 00 00 00 00 00 00 00 00 00 00 00 
00 00 00 00 00 00 00 00 00 00 00 00 00 00 00 00 
00 00 00 00 00 00 00 00 00 00 00 00 00 00 00 00 
00 00 00 00 00 00 00 00 00 00 00 00 00 00 00 00 
00 00 00 00 00 00 00 00 00 00 00 00 00 00 00 00 
00 00 00 00 00 00 00 00 00 00 00 00 00 00 00 00 
00 00 00 00 00 00 00 00 00 00 00 00 00 00 00 00 
00 00 00 00 00 00 00 00 00 00 00 00 00 00 00 00 
00 00 00 00 00 00 00 00 00 00 00 00 00 00 00 00 
00 00 00 00 00 00 00 00 00 00 00 00 00 00 00 00 
00 00 00 00 00 00 00 00 00 00 00 00 00 00 00 00 
00 00 00 00 00 00 00 00 00 00 00 00 00 00 00 00 
00 00 00 00 00 00 00 00 00 00 00 00 00 00 00 00 
00 00 00 00 00 00 00 00 00 00 00 00 00 00 00 00 
00 00 00 00 00 00 00 00 00 00 00 00 00 00 00 00 
00 00 00 00 00 00 00 00 00 00 00 00 00 00 00 00 
00 00 00 00 00 00 00 00 00 00 00 00 00 00 00 00 
00 00 00 00 00 00 00 00 00 00 00 00 00 00 00 00 
00 00 00 00 00 00 00 00 00 00 00 00 00 00 00 00 
00 00 00 00 00 00 00 00 00 00 00 00 00 00 00 00 
00 00 00 00 00 00 00 00 00 00 00 00 00 00 00 00 
00 00 00 00 00 00 00 00 00 00 00 00 00 00 00 00 
00 00 00 00 00 00 00 00 00 00 00 00 00 00 00 00 
00 00 00 00 00 00 00 00 00 00 00 00 00 00 00 00 
00 00 00 00 00 00 00 00 00 00 00 00 00 00 00 00 
00 00 00 00 00 00 00 00 00 00 00 00 00 00 00 00 
00 00 00 00 00 00 00 00 00 00 00 00 00 00 00 00 
00 00 00 00 00 00 00 00 00 00 00 00 00 00 00 00 
00 00 00 00 00 00 00 00 00 00 00 00 00 00 00 00 
00 00 00 00 00 00 00 00 00 00 00 00 00 00 00 00 
00 00 00 00 00 00 00 00 00 00 00 00 00 00 00 00 
00 00 00 00 00 00 00 00 00 00 00 00 00 00 00 00 
00 00 00 00 00 00 00 00 00 00 00 00 00 00 00 00 
00 00 00 00 00 00 00 00 00 00 00 00 00 00 00 00 
00 00 00 00 00 00 00 00 00 00 00 00 00 00 00 00 
00 00 00 00 00 00 00 00 00 00 00 00 00 00 00 00 
00 00 00 00 00 00 00 00 00 00 00 00 00 00 00 00 
00 00 00 00 00 00 00 00 00 00 00 00 00 00 00 00 
00 00 00 00 00 00 00 00 00 00 00 00 00 00 00 00 
00 00 00 00 00 00 00 00 00 00 00 00 00 00 00 00 
00 00 00 00 00 00 00 00 00 00 00 00 00 00 00 00 
00 00 00 00 00 00 00 00 00 00 00 00 00 00 00 00 
00 00 00 00 00 00 00 00 00 00 00 00 00 00 00 00 
00 00 00 00 00 00 00 00 00 00 00 00 00 00 00 00 
00 00 00 00 00 00 00 00 00 00 00 00 00 00 00 00 
00 00 00 00 00 00 00 00 00 00 00 00 00 00 00 00 
00 00 00 00 00 00 00 00 00 00 00 00 00 00 00 00 
00 00 00 00 00 00 00 00 00 00 00 00 00 00 00 00 
00 00 00 00 00 00 00 00 00 00 00 00 00 00 00 00 
00 00 00 00 00 00 00 00 00 00 00 00 00 00 00 00 
00 00 00 00 00 00 00 00 00 00 00 00 00 00 00 00 
00 00 00 00 00 00 00 00 00 00 00 00 00 00 00 00 
00 00 00 00 00 00 00 00 00 00 00 00 00 00 00 00 
00 00 00 00 00 00 00 00 00 00 00 00 00 00 00 00 
00 00 00 00 00 00 00 00 00 00 00 00 00 00 00 00 
00 00 00 00 00 00 00 00 00 00 00 00 00 00 00 00 
00 00 00 00 00 00 00 00 00 00 00 00 00 00 00 00 
00 00 00 00 00 00 00 00 00 00 00 00 00 00 00 00 
00 00 00 00 00 00 00 00 00 00 00 00 00 00 00 00 
00 00 00 00 00 00 00 00 00 00 00 00 00 00 00 00 
00 00 00 00 00 00 00 00 00 00 00 00 00 00 00 00 
00 00 00 00 00 00 00 00 00 00 00 00 00 00 00 00 
00 00 00 00 00 00 00 00 00 00 00 00 00 00 00 00 
00 00 00 00 00 00 00 00 00 00 00 00 00 00 00 00 
00 00 00 00 00 00 00 00 00 00 00 00 00 00 00 00 
00 00 00 00 00 00 00 00 00 00 00 00 00 00 00 00 
00 00 00 00 00 00 00 00 00 00 00 00 00 00 00 00 
00 00 00 00 00 00 00 00 00 00 00 00 00 00 00 00 
00 00 00 00 00 00 00 00 00 00 00 00 00 00 00 00 
00 00 00 00 00 00 00 00 00 00 00 00 00 00 00 00 
00 00 00 00 00 00 00 00 00 00 00 00 00 00 00 00 
00 00 00 00 00 00 00 00 00 00 00 00 00 00 00 00 
00 00 00 00 00 00 00 00 00 00 00 00 00 00 00 00 
00 00 00 00 00 00 00 00 00 00 00 00 00 00 00 00 
00 00 00 00 00 00 00 00 00 00 00 00 00 00 00 00 
00 00 00 00 00 00 00 00 00 00 00 00 00 00 00 00 
00 00 00 00 00 00 00 00 00 00 00 00 00 00 00 00 
00 00 00 00 00 00 00 00 00 00 00 00 00 00 00 00 
00 00 00 00 00 00 00 00 00 00 00 00 00 00 00 00 
00 00 00 00 00 00 00 00 00 00 00 00 00 00 00 00 
00 00 00 00 00 00 00 00 00 00 00 00 00 00 00 00 
00 00 00 00 00 00 00 00 00 00 00 00 00 00 00 00 
00 00 00 00 00 00 00 00 00 00 00 00 00 00 00 00 
00 00 00 00 00 00 00 00 00 00 00 00 00 00 00 00 
00 00 00 00 00 00 00 00 00 00 00 00 00 00 00 00 
00 00 00 00 00 00 00 00 00 00 00 00 00 00 00 00 
00 00 00 00 00 00 00 00 00 00 00 00 00 00 00 00 
00 00 00 00 00 00 00 00 00 00 00 00 00 00 00 00 
00 00 00 00 00 00 00 00 00 00 00 00 00 00 00 00 
00 00 00 00 00 00 00 00 00 00 00 00 00 00 00 00 
00 00 00 00 00 00 00 00 00 00 00 00 00 00 00 00 
00 00 00 00 00 00 00 00 00 00 00 00 00 00 00 00 
00 00 00 00 00 00 00 00 00 00 00 00 00 00 00 00 
00 00 00 00 00 00 00 00 00 00 00 00 00 00 00 00 
00 00 00 00 00 00 00 00 00 00 00 00 00 00 00 00 
00 00 00 00 00 00 00 00 00 00 00 00 00 00 00 00 
00 00 00 00 00 00 00 00 00 00 00 00 00 00 00 00 
00 00 00 00 00 00 00 00 00 00 00 00 00 00 00 00 
00 00 00 00 00 00 00 00 00 00 00 00 00 00 00 00 
00 00 00 00 00 00 00 00 00 00 00 00 00 00 00 00 
00 00 00 00 00 00 00 00 00 00 00 00 00 00 00 00 
00 00 00 00 00 00 00 00 00 00 00 00 00 00 00 00 
00 00 00 00 00 00 00 00 00 00 00 00 00 00 00 00 
00 00 00 00 00 00 00 00 00 00 00 00 00 00 00 00 
00 00 00 00 00 00 00 00 00 00 00 00 00 00 00 00 
00 00 00 00 00 00 00 00 00 00 00 00 00 00 00 00 
00 00 00 00 00 00 00 00 00 00 00 00 00 00 00 00 
00 00 00 00 00 00 00 00 00 00 00 00 00 00 00 00 
00 00 00 00 00 00 00 00 00 00 00 00 00 00 00 00 
00 00 00 00 00 00 00 00 00 00 00 00 00 00 00 00 
00 00 00 00 00 00 00 00 00 00 00 00 00 00 00 00 
00 00 00 00 00 00 00 00 00 00 00 00 00 00 00 00 
00 00 00 00 00 00 00 00 00 00 00 00 00 00 00 00 
00 00 00 00 00 00 00 00 00 00 00 00 00 00 00 00 
00 00 00 00 00 00 00 00 00 00 00 00 00 00 00 00 
00 00 00 00 00 00 00 00 00 00 00 00 00 00 00 00 
00 00 00 00 00 00 00 00 00 00 00 00 00 00 00 00 
00 00 00 00 00 00 00 00 00 00 00 00 00 00 00 00 
00 00 00 00 00 00 00 00 00 00 00 00 00 00 00 00 
00 00 00 00 00 00 00 00 00 00 00 00 00 00 00 00 
00 00 00 00 00 00 00 00 00 00 00 00 00 00 00 00 
00 00 00 00 00 00 00 00 00 00 00 00 00 00 00 00 
00 00 00 00 00 00 00 00 00 00 00 00 00 00 00 00 
00 00 00 00 00 00 00 00 00 00 00 00 00 00 00 00 
00 00 00 00 00 00 00 00 00 00 00 00 00 00 00 00 
00 00 00 00 00 00 00 00 00 00 00 00 00 00 00 00 
00 00 00 00 00 00 00 00 00 00 00 00 00 00 00 00 
00 00 00 00 00 00 00 00 00 00 00 00 00 00 00 00 
00 00 00 00 00 00 00 00 00 00 00 00 00 00 00 00 
00 00 00 00 00 00 00 00 00 00 00 00 00 00 00 00 
00 00 00 00 00 00 00 00 00 00 00 00 00 00 00 00 
00 00 00 00 00 00 00 00 00 00 00 00 00 00 00 00 
00 00 00 00 00 00 00 00 00 00 00 00 00 00 00 00 
00 00 00 00 00 00 00 00 00 00 00 00 00 00 00 00 
00 00 00 00 00 00 00 00 00 00 00 00 00 00 00 00 
00 00 00 00 00 00 00 00 00 00 00 00 00 00 00 00 
00 00 00 00 00 00 00 00 00 00 00 00 00 00 00 00 
00 00 00 00 00 00 00 00 00 00 00 00 00 00 00 00 
00 00 00 00 00 00 00 00 00 00 00 00 00 00 00 00 
00 00 00 00 00 00 00 00 00 00 00 00 00 00 00 00 
00 00 00 00 00 00 00 00 00 00 00 00 00 00 00 00 
00 00 00 00 00 00 00 00 00 00 00 00 00 00 00 00 
00 00 00 00 00 00 00 00 00 00 00 00 00 00 00 00 
00 00 00 00 00 00 00 00 00 00 00 00 00 00 00 00 
00 00 00 00 00 00 00 00 00 00 00 00 00 00 00 00 
00 00 00 00 00 00 00 00 00 00 00 00 00 00 00 00 
00 00 00 00 00 00 00 00 00 00 00 00 00 00 00 00 
00 00 00 00 00 00 00 00 00 00 00 00 00 00 00 00 
00 00 00 00 00 00 00 00 00 00 00 00 00 00 00 00 
00 00 00 00 00 00 00 00 00 00 00 00 00 00 00 00 
00 00 00 00 00 00 00 00 00 00 00 00 00 00 00 00 
00 00 00 00 00 00 00 00 00 00 00 00 00 00 00 00 
00 00 00 00 00 00 00 00 00 00 00 00 00 00 00 00 
00 00 00 00 00 00 00 00 00 00 00 00 00 00 00 00 
00 00 00 00 00 00 00 00 00 00 00 00 00 00 00 00 
00 00 00 00 00 00 00 00 00 00 00 00 00 00 00 00 
00 00 00 00 00 00 00 00 00 00 00 00 00 00 00 00 
00 00 00 00 00 00 00 00 00 00 00 00 00 00 00 00 
00 00 00 00 00 00 00 00 00 00 00 00 00 00 00 00 
00 00 00 00 00 00 00 00 00 00 00 00 00 00 00 00 
00 00 00 00 00 00 00 00 00 00 00 00 00 00 00 00 
00 00 00 00 00 00 00 00 00 00 00 00 00 00 00 00 
00 00 00 00 00 00 00 00 00 00 00 00 00 00 00 00 
00 00 00 00 00 00 00 00 00 00 00 00 00 00 00 00 
00 00 00 00 00 00 00 00 00 00 00 00 00 00 00 00 
00 00 00 00 00 00 00 00 00 00 00 00 00 00 00 00 
00 00 00 00 00 00 00 00 00 00 00 00 00 00 00 00 
00 00 00 00 00 00 00 00 00 00 00 00 00 00 00 00 
00 00 00 00 00 00 00 00 00 00 00 00 00 00 00 00 
00 00 00 00 00 00 00 00 00 00 00 00 00 00 00 00 
00 00 00 00 00 00 00 00 00 00 00 00 00 00 00 00 
00 00 00 00 00 00 00 00 00 00 00 00 00 00 00 00 
00 00 00 00 00 00 00 00 00 00 00 00 00 00 00 00 
00 00 00 00 00 00 00 00 00 00 00 00 00 00 00 00 
00 00 00 00 00 00 00 00 00 00 00 00 00 00 00 00 
00 00 00 00 00 00 00 00 00 00 00 00 00 00 00 00 
00 00 00 00 00 00 00 00 00 00 00 00 00 00 00 00 
00 00 00 00 00 00 00 00 00 00 00 00 00 00 00 00 
00 00 00 00 00 00 00 00 00 00 00 00 00 00 00 00 
00 00 00 00 00 00 00 00 00 00 00 00 00 00 00 00 
00 00 00 00 00 00 00 00 00 00 00 00 00 00 00 00 
00 00 00 00 00 00 00 00 00 00 00 00 00 00 00 00 
00 00 00 00 00 00 00 00 00 00 00 00 00 00 00 00 
00 00 00 00 00 00 00 00 00 00 00 00 00 00 00 00 
00 00 00 00 00 00 00 00 00 00 00 00 00 00 00 00 
00 00 00 00 00 00 00 00 00 00 00 00 00 00 00 00 
00 00 00 00 00 00 00 00 00 00 00 00 00 00 00 00 
00 00 00 00 00 00 00 00 00 00 00 00 00 00 00 00 
00 00 00 00 00 00 00 00 00 00 00 00 00 00 00 00 
00 00 00 00 00 00 00 00 00 00 00 00 00 00 00 00 
00 00 00 00 00 00 00 00 00 00 00 00 00 00 00 00 
00 00 00 00 00 00 00 00 00 00 00 00 00 00 00 00 
00 00 00 00 00 00 00 00 00 00 00 00 00 00 00 00 
00 00 00 00 00 00 00 00 00 00 00 00 00 00 00 00 
00 00 00 00 00 00 00 00 00 00 00 00 00 00 00 00 
00 00 00 00 00 00 00 00 00 00 00 00 00 00 00 00 
00 00 00 00 00 00 00 00 00 00 00 00 00 00 00 00 
00 00 00 00 00 00 00 00 00 00 00 00 00 00 00 00 
00 00 00 00 00 00 00 00 00 00 00 00 00 00 00 00 
00 00 00 00 00 00 00 00 00 00 00 00 00 00 00 00 
00 00 00 00 00 00 00 00 00 00 00 00 00 00 00 00 
00 00 00 00 00 00 00 00 00 00 00 00 00 00 00 00 
00 00 00 00 00 00 00 00 00 00 00 00 00 00 00 00 
00 00 00 00 00 00 00 00 00 00 00 00 00 00 00 00 
00 00 00 00 00 00 00 00 00 00 00 00 00 00 00 00 
00 00 00 00 00 00 00 00 00 00 00 00 00 00 00 00 
00 00 00 00 00 00 00 00 00 00 00 00 00 00 00 00 
00 00 00 00 00 00 00 00 00 00 00 00 00 00 00 00 
00 00 00 00 00 00 00 00 00 00 00 00 00 00 00 00 
00 00 00 00 00 00 00 00 00 00 00 00 00 00 00 00 
00 00 00 00 00 00 00 00 00 00 00 00 00 00 00 00 
00 00 00 00 00 00 00 00 00 00 00 00 00 00 00 00 
00 00 00 00 00 00 00 00 00 00 00 00 00 00 00 00 
00 00 00 00 00 00 00 00 00 00 00 00 00 00 00 00 
00 00 00 00 00 00 00 00 00 00 00 00 00 00 00 00 
00 00 00 00 00 00 00 00 00 00 00 00 00 00 00 00 
00 00 00 00 00 00 00 00 00 00 00 00 00 00 00 00 
00 00 00 00 00 00 00 00 00 00 00 00 00 00 00 00 
00 00 00 00 00 00 00 00 00 00 00 00 00 00 00 00 
00 00 00 00 00 00 00 00 00 00 00 00 00 00 00 00 
00 00 00 00 00 00 00 00 00 00 00 00 00 00 00 00 
00 00 00 00 00 00 00 00 00 00 00 00 00 00 00 00 
00 00 00 00 00 00 00 00 00 00 00 00 00 00 00 00 
00 00 00 00 00 00 00 00 00 00 00 00 00 00 00 00 
00 00 00 00 00 00 00 00 00 00 00 00 00 00 00 00 
00 00 00 00 00 00 00 00 00 00 00 00 00 00 00 00 
00 00 00 00 00 00 00 00 00 00 00 00 00 00 00 00 
00 00 00 00 00 00 00 00 00 00 00 00 00 00 00 00 
00 00 00 00 00 00 00 00 00 00 00 00 00 00 00 00 
00 00 00 00 00 00 00 00 00 00 00 00 00 00 00 00 
00 00 00 00 00 00 00 00 00 00 00 00 00 00 00 00 
00 00 00 00 00 00 00 00 00 00 00 00 00 00 00 00 
00 00 00 00 00 00 00 00 00 00 00 00 00 00 00 00 
00 00 00 00 00 00 00 00 00 00 00 00 00 00 00 00 
00 00 00 00 00 00 00 00 00 00 00 00 00 00 00 00 
00 00 00 00 00 00 00 00 00 00 00 00 00 00 00 00 
00 00 00 00 00 00 00 00 00 00 00 00 00 00 00 00 
00 00 00 00 00 00 00 00 00 00 00 00 00 00 00 00 
00 00 00 00 00 00 00 00 00 00 00 00 00 00 00 00 
00 00 00 00 00 00 00 00 00 00 00 00 00 00 00 00 
00 00 00 00 00 00 00 00 00 00 00 00 00 00 00 00 
00 00 00 00 00 00 00 00 00 00 00 00 00 00 00 00 
00 00 00 00 00 00 00 00 00 00 00 00 00 00 00 00 
00 00 00 00 00 00 00 00 00 00 00 00 00 00 00 00 
00 00 00 00 00 00 00 00 00 00 00 00 00 00 00 00 
00 00 00 00 00 00 00 00 00 00 00 00 00 00 00 00 
00 00 00 00 00 00 00 00 00 00 00 00 00 00 00 00 
00 00 00 00 00 00 00 00 00 00 00 00 00 00 00 00 
00 00 00 00 00 00 00 00 00 00 00 00 00 00 00 00 
00 00 00 00 00 00 00 00 00 00 00 00 00 00 00 00 
00 00 00 00 00 00 00 00 00 00 00 00 00 00 00 00 
00 00 00 00 00 00 00 00 00 00 00 00 00 00 00 00 
00 00 00 00 00 00 00 00 00 00 00 00 00 00 00 00 
00 00 00 00 00 00 00 00 00 00 00 00 00 00 00 00 
00 00 00 00 00 00 00 00 00 00 00 00 00 00 00 00 
00 00 00 00 00 00 00 00 00 00 00 00 00 00 00 00 
00 00 00 00 00 00 00 00 00 00 00 00 00 00 00 00 
00 00 00 00 00 00 00 00 00 00 00 00 00 00 00 00 
00 00 00 00 00 00 00 00 00 00 00 00 00 00 00 00 
00 00 00 00 00 00 00 00 00 00 00 00 00 00 00 00 
00 00 00 00 00 00 00 00 00 00 00 00 00 00 00 00 
00 00 00 00 00 00 00 00 00 00 00 00 00 00 00 00 
00 00 00 00 00 00 00 00 00 00 00 00 00 00 00 00 
00 00 00 00 00 00 00 00 00 00 00 00 00 00 00 00 
00 00 00 00 00 00 00 00 00 00 00 00 00 00 00 00 
00 00 00 00 00 00 00 00 00 00 00 00 00 00 00 00 
00 00 00 00 00 00 00 00 00 00 00 00 00 00 00 00 
00 00 00 00 00 00 00 00 00 00 00 00 00 00 00 00 
00 00 00 00 00 00 00 00 00 00 00 00 00 00 00 00 
00 00 00 00 00 00 00 00 00 00 00 00 00 00 00 00 
00 00 00 00 00 00 00 00 00 00 00 00 00 00 00 00 
00 00 00 00 00 00 00 00 00 00 00 00 00 00 00 00 
00 00 00 00 00 00 00 00 00 00 00 00 00 00 00 00 
00 00 00 00 00 00 00 00 00 00 00 00 00 00 00 00 
00 00 00 00 00 00 00 00 00 00 00 00 00 00 00 00 
00 00 00 00 00 00 00 00 00 00 00 00 00 00 00 00 
00 00 00 00 00 00 00 00 00 00 00 00 00 00 00 00 
00 00 00 00 00 00 00 00 00 00 00 00 00 00 00 00 
00 00 00 00 00 00 00 00 00 00 00 00 00 00 00 00 
00 00 00 00 00 00 00 00 00 00 00 00 00 00 00 00 
00 00 00 00 00 00 00 00 00 00 00 00 00 00 00 00 
00 00 00 00 00 00 00 00 00 00 00 00 00 00 00 00 
00 00 00 00 00 00 00 00 00 00 00 00 00 00 00 00 
00 00 00 00 00 00 00 00 00 00 00 00 00 00 00 00 
00 00 00 00 00 00 00 00 00 00 00 00 00 00 00 00 
00 00 00 00 00 00 00 00 00 00 00 00 00 00 00 00 
00 00 00 00 00 00 00 00 00 00 00 00 00 00 00 00 
00 00 00 00 00 00 00 00 00 00 00 00 00 00 00 00 
00 00 00 00 00 00 00 00 00 00 00 00 00 00 00 00 
00 00 00 00 00 00 00 00 00 00 00 00 00 00 00 00 
00 00 00 00 00 00 00 00 00 00 00 00 00 00 00 00 
00 00 00 00 00 00 00 00 00 00 00 00 00 00 00 00 
00 00 00 00 00 00 00 00 00 00 00 00 00 00 00 00 
00 00 00 00 00 00 00 00 00 00 00 00 00 00 00 00 
00 00 00 00 00 00 00 00 00 00 00 00 00 00 00 00 
00 00 00 00 00 00 00 00 00 00 00 00 00 00 00 00 
00 00 00 00 00 00 00 00 00 00 00 00 00 00 00 00 
00 00 00 00 00 00 00 00 00 00 00 00 00 00 00 00 
00 00 00 00 00 00 00 00 00 00 00 00 00 00 00 00 
00 00 00 00 00 00 00 00 00 00 00 00 00 00 00 00 
00 00 00 00 00 00 00 00 00 00 00 00 00 00 00 00 
00 00 00 00 00 00 00 00 00 00 00 00 00 00 00 00 
00 00 00 00 00 00 00 00 00 00 00 00 00 00 00 00 
00 00 00 00 00 00 00 00 00 00 00 00 00 00 00 00 
00 00 00 00 00 00 00 00 00 00 00 00 00 00 00 00 
00 00 00 00 00 00 00 00 00 00 00 00 00 00 00 00 
00 00 00 00 00 00 00 00 00 00 00 00 00 00 00 00 
00 00 00 00 00 00 00 00 00 00 00 00 00 00 00 00 
00 00 00 00 00 00 00 00 00 00 00 00 00 00 00 00 
00 00 00 00 00 00 00 00 00 00 00 00 00 00 00 00 
00 00 00 00 00 00 00 00 00 00 00 00 00 00 00 00 
00 00 00 00 00 00 00 00 00 00 00 00 00 00 00 00 
00 00 00 00 00 00 00 00 00 00 00 00 00 00 00 00 
00 00 00 00 00 00 00 00 00 00 00 00 00 00 00 00 
00 00 00 00 00 00 00 00 00 00 00 00 00 00 00 00 
00 00 00 00 00 00 00 00 00 00 00 00 00 00 00 00 
00 00 00 00 00 00 00 00 00 00 00 00 00 00 00 00 
00 00 00 00 00 00 00 00 00 00 00 00 00 00 00 00 
00 00 00 00 00 00 00 00 00 00 00 00 00 00 00 00 
00 00 00 00 00 00 00 00 00 00 00 00 00 00 00 00 
00 00 00 00 00 00 00 00 00 00 00 00 00 00 00 00 
00 00 00 00 00 00 00 00 00 00 00 00 00 00 00 00 
00 00 00 00 00 00 00 00 00 00 00 00 00 00 00 00 
00 00 00 00 00 00 00 00 00 00 00 00 00 00 00 00 
00 00 00 00 00 00 00 00 00 00 00 00 00 00 00 00 
00 00 00 00 00 00 00 00 00 00 00 00 00 00 00 00 
00 00 00 00 00 00 00 00 00 00 00 00 00 00 00 00 
00 00 00 00 00 00 00 00 00 00 00 00 00 00 00 00 
00 00 00 00 00 00 00 00 00 00 00 00 00 00 00 00 
00 00 00 00 00 00 00 00 00 00 00 00 00 00 00 00 
00 00 00 00 00 00 00 00 00 00 00 00 00 00 00 00 
00 00 00 00 00 00 00 00 00 00 00 00 00 00 00 00 
00 00 00 00 00 00 00 00 00 00 00 00 00 00 00 00 
00 00 00 00 00 00 00 00 00 00 00 00 00 00 00 00 
00 00 00 00 00 00 00 00 00 00 00 00 00 00 00 00 
00 00 00 00 00 00 00 00 00 00 00 00 00 00 00 00 
00 00 00 00 00 00 00 00 00 00 00 00 00 00 00 00 
00 00 00 00 00 00 00 00 00 00 00 00 00 00 00 00 
00 00 00 00 00 00 00 00 00 00 00 00 00 00 00 00 
00 00 00 00 00 00 00 00 00 00 00 00 00 00 00 00 
00 00 00 00 00 00 00 00 00 00 00 00 00 00 00 00 
00 00 00 00 00 00 00 00 00 00 00 00 00 00 00 00 
00 00 00 00 00 00 00 00 00 00 00 00 00 00 00 00 
00 00 00 00 00 00 00 00 00 00 00 00 00 00 00 00 
00 00 00 00 00 00 00 00 00 00 00 00 00 00 00 00 
00 00 00 00 00 00 00 00 00 00 00 00 00 00 00 00 
00 00 00 00 00 00 00 00 00 00 00 00 00 00 00 00 
00 00 00 00 00 00 00 00 00 00 00 00 00 00 00 00 
00 00 00 00 00 00 00 00 00 00 00 00 00 00 00 00 
00 00 00 00 00 00 00 00 00 00 00 00 00 00 00 00 
00 00 00 00 00 00 00 00 00 00 00 00 00 00 00 00 
00 00 00 00 00 00 00 00 00 00 00 00 00 00 00 00 
00 00 00 00 00 00 00 00 00 00 00 00 00 00 00 00 
00 00 00 00 00 00 00 00 00 00 00 00 00 00 00 00 
00 00 00 00 00 00 00 00 00 00 00 00 00 00 00 00 
00 00 00 00 00 00 00 00 00 00 00 00 00 00 00 00 
00 00 00 00 00 00 00 00 00 00 00 00 00 00 00 00 
00 00 00 00 00 00 00 00 00 00 00 00 00 00 00 00 
00 00 00 00 00 00 00 00 00 00 00 00 00 00 00 00 
00 00 00 00 00 00 00 00 00 00 00 00 00 00 00 00 
00 00 00 00 00 00 00 00 00 00 00 00 00 00 00 00 
00 00 00 00 00 00 00 00 00 00 00 00 00 00 00 00 
00 00 00 00 00 00 00 00 00 00 00 00 00 00 00 00 
00 00 00 00 00 00 00 00 00 00 00 00 00 00 00 00 
00 00 00 00 00 00 00 00 00 00 00 00 00 00 00 00 
00 00 00 00 00 00 00 00 00 00 00 00 00 00 00 00 
00 00 00 00 00 00 00 00 00 00 00 00 00 00 00 00 
00 00 00 00 00 00 00 00 00 00 00 00 00 00 00 00 
00 00 00 00 00 00 00 00 00 00 00 00 00 00 00 00 
00 00 00 00 00 00 00 00 00 00 00 00 00 00 00 00 
00 00 00 00 00 00 00 00 00 00 00 00 00 00 00 00 
00 00 00 00 00 00 00 00 00 00 00 00 00 00 00 00 
00 00 00 00 00 00 00 00 00 00 00 00 00 00 00 00 
00 00 00 00 00 00 00 00 00 00 00 00 00 00 00 00 
00 00 00 00 00 00 00 00 00 00 00 00 00 00 00 00 
00 00 00 00 00 00 00 00 00 00 00 00 00 00 00 00 
00 00 00 00 00 00 00 00 00 00 00 00 00 00 00 00 
00 00 00 00 00 00 00 00 00 00 00 00 00 00 00 00 
00 00 00 00 00 00 00 00 00 00 00 00 00 00 00 00 
00 00 00 00 00 00 00 00 00 00 00 00 00 00 00 00 
00 00 00 00 00 00 00 00 00 00 00 00 00 00 00 00 
00 00 00 00 00 00 00 00 00 00 00 00 00 00 00 00 
00 00 00 00 00 00 00 00 00 00 00 00 00 00 00 00 
00 00 00 00 00 00 00 00 00 00 00 00 00 00 00 00 
00 00 00 00 00 00 00 00 00 00 00 00 00 00 00 00 
00 00 00 00 00 00 00 00 00 00 00 00 00 00 00 00 
00 00 00 00 00 00 00 00 00 00 00 00 00 00 00 00 
00 00 00 00 00 00 00 00 00 00 00 00 00 00 00 00 
00 00 00 00 00 00 00 00 00 00 00 00 00 00 00 00 
00 00 00 00 00 00 00 00 00 00 00 00 00 00 00 00 
00 00 00 00 00 00 00 00 00 00 00 00 00 00 00 00 
00 00 00 00 00 00 00 00 00 00 00 00 00 00 00 00 
00 00 00 00 00 00 00 00 00 00 00 00 00 00 00 00 
00 00 00 00 00 00 00 00 00 00 00 00 00 00 00 00 
00 00 00 00 00 00 00 00 00 00 00 00 00 00 00 00 
00 00 00 00 00 00 00 00 00 00 00 00 00 00 00 00 
00 00 00 00 00 00 00 00 00 00 00 00 00 00 00 00 
00 00 00 00 00 00 00 00 00 00 00 00 00 00 00 00 
00 00 00 00 00 00 00 00 00 00 00 00 00 00 00 00 
00 00 00 00 00 00 00 00 00 00 00 00 00 00 00 00 
00 00 00 00 00 00 00 00 00 00 00 00 00 00 00 00 
00 00 00 00 00 00 00 00 00 00 00 00 00 00 00 00 
00 00 00 00 00 00 00 00 00 00 00 00 00 00 00 00 
00 00 00 00 00 00 00 00 00 00 00 00 00 00 00 00 
00 00 00 00 00 00 00 00 00 00 00 00 00 00 00 00 
00 00 00 00 00 00 00 00 00 00 00 00 00 00 00 00 
00 00 00 00 00 00 00 00 00 00 00 00 00 00 00 00 
00 00 00 00 00 00 00 00 00 00 00 00 00 00 00 00 
00 00 00 00 00 00 00 00 00 00 00 00 00 00 00 00 
00 00 00 00 00 00 00 00 00 00 00 00 00 00 00 00 
00 00 00 00 00 00 00 00 00 00 00 00 00 00 00 00 
00 00 00 00 00 00 00 00 00 00 00 00 00 00 00 00 
00 00 00 00 00 00 00 00 00 00 00 00 00 00 00 00 
00 00 00 00 00 00 00 00 00 00 00 00 00 00 00 00 
00 00 00 00 00 00 00 00 00 00 00 00 00 00 00 00 
00 00 00 00 00 00 00 00 00 00 00 00 00 00 00 00 
00 00 00 00 00 00 00 00 00 00 00 00 00 00 00 00 
00 00 00 00 00 00 00 00 00 00 00 00 00 00 00 00 
00 00 00 00 00 00 00 00 00 00 00 00 00 00 00 00 
00 00 00 00 00 00 00 00 00 00 00 00 00 00 00 00 
00 00 00 00 00 00 00 00 00 00 00 00 00 00 00 00 
00 00 00 00 00 00 00 00 00 00 00 00 00 00 00 00 
00 00 00 00 00 00 00 00 00 00 00 00 00 00 00 00 
00 00 00 00 00 00 00 00 00 00 00 00 00 00 00 00 
00 00 00 00 00 00 00 00 00 00 00 00 00 00 00 00 
00 00 00 00 00 00 00 00 00 00 00 00 00 00 00 00 
00 00 00 00 00 00 00 00 00 00 00 00 00 00 00 00 
00 00 00 00 00 00 00 00 00 00 00 00 00 00 00 00 
00 00 00 00 00 00 00 00 00 00 00 00 00 00 00 00 
00 00 00 00 00 00 00 00 00 00 00 00 00 00 00 00 
00 00 00 00 00 00 00 00 00 00 00 00 00 00 00 00 
00 00 00 00 00 00 00 00 00 00 00 00 00 00 00 00 
00 00 00 00 00 00 00 00 00 00 00 00 00 00 00 00 
00 00 00 00 00 00 00 00 00 00 00 00 00 00 00 00 
00 00 00 00 00 00 00 00 00 00 00 00 00 00 00 00 
00 00 00 00 00 00 00 00 00 00 00 00 00 00 00 00 
00 00 00 00 00 00 00 00 00 00 00 00 00 00 00 00 
00 00 00 00 00 00 00 00 00 00 00 00 00 00 00 00 
00 00 00 00 00 00 00 00 00 00 00 00 00 00 00 00 
00 00 00 00 00 00 00 00 00 00 00 00 00 00 00 00 
00 00 00 00 00 00 00 00 00 00 00 00 00 00 00 00 
00 00 00 00 00 00 00 00 00 00 00 00 00 00 00 00 
00 00 00 00 00 00 00 00 00 00 00 00 00 00 00 00 
00 00 00 00 00 00 00 00 00 00 00 00 00 00 00 00 
00 00 00 00 00 00 00 00 00 00 00 00 00 00 00 00 
00 00 00 00 00 00 00 00 00 00 00 00 00 00 00 00 
00 00 00 00 00 00 00 00 00 00 00 00 00 00 00 00 
00 00 00 00 00 00 00 00 00 00 00 00 00 00 00 00 
00 00 00 00 00 00 00 00 00 00 00 00 00 00 00 00 
00 00 00 00 00 00 00 00 00 00 00 00 00 00 00 00 
00 00 00 00 00 00 00 00 00 00 00 00 00 00 00 00 
00 00 00 00 00 00 00 00 00 00 00 00 00 00 00 00 
00 00 00 00 00 00 00 00 00 00 00 00 00 00 00 00 
00 00 00 00 00 00 00 00 00 00 00 00 00 00 00 00 
00 00 00 00 00 00 00 00 00 00 00 00 00 00 00 00 
00 00 00 00 00 00 00 00 00 00 00 00 00 00 00 00 
00 00 00 00 00 00 00 00 00 00 00 00 00 00 00 00 
00 00 00 00 00 00 00 00 00 00 00 00 00 00 00 00 
00 00 00 00 00 00 00 00 00 00 00 00 00 00 00 00 
00 00 00 00 00 00 00 00 00 00 00 00 00 00 00 00 
00 00 00 00 00 00 00 00 00 00 00 00 00 00 00 00 
00 00 00 00 00 00 00 00 00 00 00 00 00 00 00 00 
00 00 00 00 00 00 00 00 00 00 00 00 00 00 00 00 
00 00 00 00 00 00 00 00 00 00 00 00 00 00 00 00 
00 00 00 00 00 00 00 00 00 00 00 00 00 00 00 00 
00 00 00 00 00 00 00 00 00 00 00 00 00 00 00 00 
00 00 00 00 00 00 00 00 00 00 00 00 00 00 00 00 
00 00 00 00 00 00 00 00 00 00 00 00 00 00 00 00 
00 00 00 00 00 00 00 00 00 00 00 00 00 00 00 00 
00 00 00 00 00 00 00 00 00 00 00 00 00 00 00 00 
00 00 00 00 00 00 00 00 00 00 00 00 00 00 00 00 
00 00 00 00 00 00 00 00 00 00 00 00 00 00 00 00 
00 00 00 00 00 00 00 00 00 00 00 00 00 00 00 00 
00 00 00 00 00 00 00 00 00 00 00 00 00 00 00 00 
00 00 00 00 00 00 00 00 00 00 00 00 00 00 00 00 
00 00 00 00 00 00 00 00 00 00 00 00 00 00 00 00 
00 00 00 00 00 00 00 00 00 00 00 00 00 00 00 00 
00 00 00 00 00 00 00 00 00 00 00 00 00 00 00 00 
00 00 00 00 00 00 00 00 00 00 00 00 00 00 00 00 
00 00 00 00 00 00 00 00 00 00 00 00 00 00 00 00 
00 00 00 00 00 00 00 00 00 00 00 00 00 00 00 00 
00 00 00 00 00 00 00 00 00 00 00 00 00 00 00 00 
00 00 00 00 00 00 00 00 00 00 00 00 00 00 00 00 
00 00 00 00 00 00 00 00 00 00 00 00 00 00 00 00 
00 00 00 00 00 00 00 00 00 00 00 00 00 00 00 00 
00 00 00 00 00 00 00 00 00 00 00 00 00 00 00 00 
00 00 00 00 00 00 00 00 00 00 00 00 00 00 00 00 
00 00 00 00 00 00 00 00 00 00 00 00 00 00 00 00 
00 00 00 00 00 00 00 00 00 00 00 00 00 00 00 00 
00 00 00 00 00 00 00 00 00 00 00 00 00 00 00 00 
00 00 00 00 00 00 00 00 00 00 00 00 00 00 00 00 
00 00 00 00 00 00 00 00 00 00 00 00 00 00 00 00 
00 00 00 00 00 00 00 00 00 00 00 00 00 00 00 00 
00 00 00 00 00 00 00 00 00 00 00 00 00 00 00 00 
00 00 00 00 00 00 00 00 00 00 00 00 00 00 00 00 
00 00 00 00 00 00 00 00 00 00 00 00 00 00 00 00 
00 00 00 00 00 00 00 00 00 00 00 00 00 00 00 00 
00 00 00 00 00 00 00 00 00 00 00 00 00 00 00 00 
00 00 00 00 00 00 00 00 00 00 00 00 00 00 00 00 
00 00 00 00 00 00 00 00 00 00 00 00 00 00 00 00 
00 00 00 00 00 00 00 00 00 00 00 00 00 00 00 00 
00 00 00 00 00 00 00 00 00 00 00 00 00 00 00 00 
00 00 00 00 00 00 00 00 00 00 00 00 00 00 00 00 
00 00 00 00 00 00 00 00 00 00 00 00 00 00 00 00 
00 00 00 00 00 00 00 00 00 00 00 00 00 00 00 00 
00 00 00 00 00 00 00 00 00 00 00 00 00 00 00 00 
00 00 00 00 00 00 00 00 00 00 00 00 00 00 00 00 
00 00 00 00 00 00 00 00 00 00 00 00 00 00 00 00 
4F 14 B1 00 04 00 81 43 00 00 0C 3C 1F 42 CC 05 
C1 4F 02 00 2C 00 D8 1C CD 01 ED 03 CE 01 0F 43 
B1 13 24 17 92 B3 DC 05 F1 23 A2 B3 DC 05 11 24 
2C 00 DC 1C CD 01 ED 03 CE 01 B1 13 D6 1B 1C 93 
03 24 A2 C3 DA 05 05 3C 5F 41 02 00 8F 11 82 4F 
CE 05 B1 C0 F0 00 18 00 81 93 00 00 02 24 B1 13 
E4 0F A1 00 04 00 4B 16 00 13 4F 14 1F 42 0E 02 
3F 90 09 00 09 34 3F 92 17 24 0F 93 20 24 2F 83 
1D 24 2F 83 15 24 12 3C 3F 80 0A 00 0B 24 2F 83 
07 24 2F 83 03 24 00 3C 03 43 11 3C 03 43 0F 3C 
03 43 0D 3C 03 43 0B 3C 03 43 09 3C 03 43 07 3C 
2C 00 F8 1C 0D 43 B1 13 A6 17 01 3C 03 43 4B 16 
00 13 81 00 00 24 B1 13 B8 26 0C 93 02 24 B1 13 
92 19 0C 43 B1 13 C4 26 1C 43 B1 13 0A 27 92 C3 
80 03 82 53 42 1D 92 63 44 1D B1 C0 F0 00 00 00 
00 13 4F 14 B1 C0 F0 00 14 00 B1 13 88 0F 4B 16 
00 13 32 D0 10 00 FD 3F 03 43 49 44 4C 45 00 00 
09 25 63 09 25 75 09 25 75 09 25 75 0D 0A 00 00 
09 25 6C 75 09 09 3C 31 25 25 0D 0A 00 00 09 25 
6C 75 09 09 25 6C 75 25 25 0D 0A 00 00 00 00 02 
00 02 20 02 20 02 FF FF FF FF FF FF FF FF FF FF 
FF FF FF FF FF FF 20 03 54 69 6D 65 72 00 6C 65 
64 54 6F 67 67 6C 65 00 74 69 6D 65 72 54 61 73 
6B 00 54 6D 72 20 53 76 63 00 BA 24 01 00 0A 1A 
01 00 02 26 01 00 01 0D 00 00 0F 4B 0A 00 FF F0 
00 00 04 01 00 00 86 7D 00 00 04 1D 00 00 90 7D 
00 00 00 1C 00 00 
@ff80
FF FF FF FF FF FF FF FF FF FF FF FF FF FF FF FF 
@ffcc
02 7D 02 7D 02 7D 02 7D 02 7D 02 7D 02 7D 02 7D 
02 7D 6A 7C DE 7C 02 7D 02 7D 02 7D 02 7D F2 7C 
02 7D 02 7D 00 7C 02 7D 02 7D 02 7D 02 7D 02 7D 
02 7D C2 7C 2A 14 B1 00 0A 00 81 4D 06 00 81 4E 
08 00 09 43 CA 0C 08 43 DA 03 E6 24 8A 93 38 00 
DF 20 B1 13 EA 25 0C 93 3F 20 81 93 08 00 03 20 
81 93 06 00 39 24 32 C2 03 43 03 43 FF 3F CC 0A 
B1 13 C4 23 0C 93 2B 24 00 18 CA 93 00 00 14 20 
32 C2 03 43 03 43 92 53 62 1D 3C 0A 08 00 B1 13 
84 0D C8 0C 82 93 62 1D 07 24 92 83 62 1D 04 20 
03 43 32 D2 03 43 03 43 CC 0A AC 00 22 00 1D 41 
06 00 1E 41 08 00 B1 13 DC 22 CC 0A B1 13 76 11 
B1 13 E6 0B 0C 93 08 20 B1 13 E4 0F 05 3C CC 0A 
B1 13 76 11 B1 13 E6 0B 32 C2 03 43 03 43 92 53 
62 1D 1F 4A 34 00 0F 93 70 20 81 93 08 00 15 20 
81 93 06 00 12 20 08 93 0C 20 82 93 62 1D 07 24 
92 83 62 1D 04 20 03 43 32 D2 03 43 03 43 0C 43 
87 3C 32 C2 03 43 03 43 FF 3F 09 93 04 20 CC 01 
B1 13 70 26 19 43 82 93 62 1D 07 24 92 83 62 1D 
04 20 03 43 32 D2 03 43 03 43 B1 13 16 27 32 C2 
03 43 03 43 92 53 62 1D FA 93 3A 00 02 20 CA 43 
3A 00 FA 93 3B 00 02 20 CA 43 3B 00 82 93 62 1D 
07 24 92 83 62 1D 04 20 03 43 32 D2 03 43 03 43 
CC 01 CD 01 AD 00 06 00 B1 13 B4 12 0C 93 77 27 
CC 0A B1 13 76 11 B1 13 E6 0B CC 0A B1 13 C4 23 
0C 93 A2 27 08 93 17 24 32 C2 03 43 03 43 92 53 
62 1D CC 0A B1 13 2E 26 CD 0C 3C 0A 08 00 B1 13 
32 0E 82 93 62 1D 07 24 92 83 62 1D 04 20 03 43 
32 D2 03 43 03 43 0C 43 2B 3C 1F 83 8A 4F 34 00 
00 18 CA 93 00 00 04 20 B1 13 B6 25 7A 0C 08 00 
8A 93 10 00 09 24 CC 0A AC 00 10 00 B1 13 1A 16 
0C 93 02 24 B1 13 E4 0F 82 93 62 1D 07 24 92 83 
62 1D 04 20 03 43 32 D2 03 43 03 43 1C 43 08 3C 
32 C2 03 43 03 43 FF 3F 32 C2 03 43 03 43 FF 3F 
A1 00 0A 00 28 16 10 01 3A 14 B1 00 0A 00 81 4E 
06 00 81 4F 08 00 C7 0D 18 41 1E 00 09 43 CA 0C 
DA 03 B6 24 D7 03 03 20 8A 93 38 00 AD 20 28 93 
03 20 9A 93 36 00 A4 20 B1 13 EA 25 0C 93 73 20 
81 93 08 00 03 20 81 93 06 00 6D 24 32 C2 03 43 
03 43 FF 3F 81 93 08 00 0F 20 81 93 06 00 0C 20 
82 93 62 1D 07 24 92 83 62 1D 04 20 03 43 32 D2 
03 43 03 43 0C 43 90 3C 09 93 04 20 CC 01 B1 13 
70 26 19 43 82 93 62 1D 07 24 92 83 62 1D 04 20 
03 43 32 D2 03 43 03 43 B1 13 16 27 32 C2 03 43 
03 43 92 53 62 1D FA 93 3A 00 02 20 CA 43 3A 00 
FA 93 3B 00 02 20 CA 43 3B 00 82 93 62 1D 07 24 
92 83 62 1D 04 20 03 43 32 D2 03 43 03 43 CC 01 
CD 01 AD 00 06 00 B1 13 B4 12 0C 93 07 24 CC 0A 
B1 13 76 11 B1 13 E6 0B 0C 43 56 3C CC 0A B1 13 
68 23 0C 93 13 24 CC 0A AC 00 10 00 1D 41 06 00 
1E 41 08 00 B1 13 DC 22 CC 0A B1 13 76 11 B1 13 
E6 0B 0C 93 08 20 B1 13 E4 0F 05 3C CC 0A B1 13 
76 11 B1 13 E6 0B 32 C2 03 43 03 43 92 53 62 1D 
9A 9A 36 00 34 00 02 28 28 93 8C 23 CC 0A CD 07 
CE 08 B1 13 16 12 8A 93 22 00 05 20 0C 93 0C 24 
B1 13 E4 0F 09 3C CC 0A AC 00 22 00 B1 13 1A 16 
0C 93 02 24 B1 13 E4 0F 82 93 62 1D 07 24 92 83 
62 1D 04 20 03 43 32 D2 03 43 03 43 1C 43 0C 3C 
32 C2 03 43 03 43 FF 3F 32 C2 03 43 03 43 FF 3F 
32 C2 03 43 03 43 FF 3F A1 00 0A 00 37 16 10 01 
3A 14 B1 00 0A 00 81 4E 06 00 81 4F 08 00 C7 0D 
08 43 C9 0C D9 03 AD 24 D7 03 03 20 89 93 38 00 
A4 20 B1 13 EA 25 0C 93 27 20 81 93 08 00 03 20 
81 93 06 00 21 24 32 C2 03 43 03 43 FF 3F CC 09 
B1 13 C4 23 0C 93 13 24 CC 09 AC 00 22 00 1D 41 
06 00 1E 41 08 00 B1 13 DC 22 CC 09 B1 13 76 11 
B1 13 E6 0B 0C 93 08 20 B1 13 E4 0F 05 3C CC 09 
B1 13 76 11 B1 13 E6 0B 32 C2 03 43 03 43 92 53 
62 1D 1A 49 34 00 0A 93 51 20 81 93 08 00 0F 20 
81 93 06 00 0C 20 82 93 62 1D 07 24 92 83 62 1D 
04 20 03 43 32 D2 03 43 03 43 0C 43 66 3C 08 93 
04 20 CC 01 B1 13 70 26 18 43 82 93 62 1D 07 24 
92 83 62 1D 04 20 03 43 32 D2 03 43 03 43 B1 13 
16 27 32 C2 03 43 03 43 92 53 62 1D F9 93 3A 00 
02 20 C9 43 3A 00 F9 93 3B 00 02 20 C9 43 3B 00 
82 93 62 1D 07 24 92 83 62 1D 04 20 03 43 32 D2 
03 43 03 43 CC 01 CD 01 AD 00 06 00 B1 13 B4 12 
0C 93 95 27 CC 09 B1 13 76 11 B1 13 E6 0B CC 09 
B1 13 C4 23 0C 93 A8 27 0C 43 27 3C CC 09 CD 07 
B1 13 74 22 1A 83 89 4A 34 00 89 93 10 00 09 24 
CC 09 AC 00 10 00 B1 13 1A 16 0C 93 02 24 B1 13 
E4 0F 82 93 62 1D 07 24 92 83 62 1D 04 20 03 43 
32 D2 03 43 03 43 1C 43 08 3C 32 C2 03 43 03 43 
FF 3F 32 C2 03 43 03 43 FF 3F A1 00 0A 00 37 16 
10 01 2A 14 CA 0C C9 0D 08 43 B1 13 16 27 00 18 
C2 93 2E 1D 02 20 B1 13 BE 0C CE 0A CF 09 1E F2 
3A 1D 1F F2 3C 1D 0F 93 81 20 0E 93 7F 20 09 93 
02 20 0A 93 0B 24 3A 52 09 63 1A B3 07 24 3A F0 
FE FF 39 F3 2A 53 09 63 1A B3 6C 20 09 93 02 20 
0A 93 6C 24 82 99 34 1D 69 28 03 20 82 9A 32 1D 
65 28 8F 00 F0 1C 2D 00 F0 1C 8D 99 06 00 04 28 
07 20 8D 9A 04 00 04 2C 00 18 CD 93 00 00 4F 20 
00 18 5D 92 2E 1D 52 24 38 42 00 18 68 5F 00 18 
EF 4D 00 00 1F 4D 04 00 1E 4D 06 00 0F 8A 0E 79 
03 20 3F 90 11 00 18 28 CC 09 0F 18 4C 5C 00 18 
4C DA EC 0D 1C B3 2F 20 1E 4D 04 00 1F 4D 06 00 
0E 8A 0F 79 8C 4E 04 00 8C 4F 06 00 8D 4A 04 00 
8D 49 06 00 B1 13 64 1B 92 8D 04 00 32 1D 92 7D 
06 00 34 1D 92 92 38 1D 34 1D 05 28 0A 20 92 92 
36 1D 32 1D 06 2C 92 42 32 1D 36 1D 92 42 34 1D 
38 1D 9D D2 3A 1D 04 00 9D D2 3C 1D 06 00 00 18 
CD 43 00 00 0B 3C 32 C2 03 43 03 43 FF 3F CF 0D 
0D 0D A3 3F 32 C2 03 43 03 43 FF 3F B1 13 E6 0B 
D8 03 02 20 B1 13 E8 26 18 B3 02 20 CC 08 04 3C 
32 C2 03 43 03 43 FF 3F 28 16 10 01 0A 14 B1 00 
18 00 8F 3C 81 93 08 00 10 34 CF 01 AF 00 0A 00 
DF 03 04 20 32 C2 03 43 03 43 FF 3F 3C 0F 04 00 
1D 4F 08 00 1E 4F 0A 00 6F 13 81 93 08 00 79 38 
3A 01 0E 00 00 18 CA 93 14 00 05 24 CC 0A AC 00 
04 00 B1 13 94 21 CC 01 AC 00 16 00 B1 13 08 22 
CE 0D 1F 41 08 00 3F 90 03 00 2A 28 2F 82 08 24 
1F 83 5C 24 1F 83 2F 93 23 28 3F 80 03 00 59 20 
9A 41 0A 00 18 00 9A 41 0C 00 1A 00 8A 93 1A 00 
07 20 8A 93 18 00 04 20 32 C2 03 43 03 43 FF 3F 
CF 0C 81 4D 00 00 81 4C 02 00 81 4E 04 00 CD 0C 
1D 5A 18 00 1E 6A 1A 00 CC 0A B1 13 9E 18 39 3C 
CF 0C 81 4D 00 00 91 41 0A 00 02 00 91 41 0C 00 
04 00 1D 4A 18 00 1E 4A 1A 00 1D 51 0A 00 1E 61 
0C 00 CC 0A B1 13 9E 18 0C 93 23 24 CC 0A CF 0A 
AF 00 22 00 6F 13 9A 93 1C 00 1B 20 00 18 C1 43 
00 00 00 18 C1 43 04 00 1E 4A 18 00 1F 4A 1A 00 
1E 51 0A 00 1F 61 0C 00 CC 0A 0D 43 B1 13 02 15 
0C 93 07 20 32 C2 03 43 03 43 FF 3F CC 0A B1 13 
E2 13 2C 00 4A 1D CD 01 AD 00 08 00 0E 43 0F 43 
B1 13 8C 03 0C 93 66 23 A1 00 18 00 0A 16 10 01 
82 93 24 1D 91 20 82 43 16 1D 1E 42 90 03 0F 43 
1E 52 42 1D 1F 62 44 1D 82 4E 2A 1D 82 4F 2C 1D 
92 92 2C 1D 28 1D 05 28 16 20 92 92 2A 1D 26 1D 
12 2C 3E 40 4A 00 00 18 5E 52 04 1D 1D 42 2A 1D 
2D 5E 1F 6E 02 00 1D 82 26 1D 1F 72 28 1D 8E 4D 
00 00 8E 4F 02 00 92 42 2A 1D 26 1D 92 42 2C 1D 
28 1D 2F 00 04 1D 3F 0F 2E 00 BF 90 A5 A5 02 00 
1C 20 BF 90 A5 A5 00 00 18 20 BF 90 A5 A5 06 00 
14 20 BF 90 A5 A5 04 00 10 20 BF 90 A5 A5 0A 00 
0C 20 BF 90 A5 A5 08 00 08 20 BF 90 A5 A5 0E 00 
04 20 BF 90 A5 A5 0C 00 09 24 3D 40 32 00 00 18 
5D 52 04 1D 2C 00 04 1D B1 13 F2 26 1B 42 10 1D 
07 3C 0B 93 04 20 32 C2 03 43 03 43 FF 3F 1B 83 
CC 0B 3D 40 12 00 B1 13 D2 25 8C 93 00 1C F1 27 
CC 0B 3D 40 12 00 B1 13 D2 25 0F 4C AF 00 00 1C 
3E 0F 02 00 00 18 DF 4E 04 00 02 00 CE 0F AE 00 
06 00 00 18 CF 9E 02 00 06 20 3E 0F 02 00 00 18 
DF 4E 04 00 02 00 3F 0F 02 00 00 18 D2 4F 0C 00 
04 1D 82 4B 10 1D 02 3C 92 43 16 1D 10 01 3A 14 
07 43 82 93 24 1D 85 20 18 43 09 43 18 52 0C 1D 
19 62 0E 1D 82 48 0C 1D 82 49 0E 1D 09 93 18 20 
08 93 16 20 2F 00 E0 1C 8F 93 00 00 0D 20 2F 00 
E0 1C 00 18 D2 42 E4 1C E0 1C 60 0F E4 1C 92 53 
18 1D B1 13 96 23 04 3C 32 C2 03 43 03 43 FF 3F 
19 92 1E 1D 4C 28 2E 20 18 92 1C 1D 48 28 2A 3C 
CC 0A AC 00 04 00 B1 13 94 21 00 18 CA 93 28 00 
05 24 CC 0A AC 00 18 00 B1 13 94 21 92 9A 2C 00 
10 1D 03 2C 92 4A 2C 00 10 1D 1C 4A 2C 00 3D 40 
12 00 B1 13 D2 25 0C 4C AC 00 00 1C CD 0A AD 00 
04 00 B1 13 94 24 2F 00 04 1D 9A 9F 2C 00 2C 00 
01 28 17 43 2F 00 E0 1C 8F 93 00 00 14 24 2F 00 
E0 1C 3F 0F 0A 00 3A 0F 0C 00 1E 4A 04 00 1F 4A 
06 00 09 9F 03 28 C4 23 08 9E C2 2F 82 4E 1C 1D 
82 4F 1E 1D 04 3C B2 43 1C 1D B2 43 1E 1D 2F 00 
04 1D 1C 4F 2C 00 3D 40 12 00 B1 13 D2 25 AC 93 
00 1C 01 28 17 43 82 93 14 1D 07 20 B1 13 1E 27 
04 3C 92 53 14 1D B1 13 1E 27 82 93 16 1D 01 24 
17 43 CC 07 37 16 10 01 6A 14 B1 00 04 00 C5 0E 
CA 0F C7 0D 71 0C 00 00 39 01 2E 00 36 01 2A 00 
18 41 28 00 34 01 24 00 D7 03 6B 24 3C 09 2E 00 
5E 02 0F 6F 5E 02 0F 6F 3D 40 A5 00 B1 13 22 25 
0F 18 4A 5A 00 18 4A D5 BA 00 01 00 4A 06 00 18 
5A 59 2E 00 80 1F 7A F0 FE FF 1A B3 4E 20 0F 43 
3F 90 0F 00 0F 2C 0E 4F EE 07 0D 4F ED 09 ED 4E 
32 00 0E 4F EE 07 CE 93 00 00 04 24 1F 53 3F 90 
0F 00 F1 2B CF 09 AF 00 32 00 CF 43 0E 00 38 90 
05 00 01 28 28 42 89 48 2C 00 89 48 46 00 89 43 
48 00 CC 09 AC 00 04 00 B1 13 FC 26 CC 09 AC 00 
18 00 B1 13 FC 26 79 09 10 00 3E 40 05 00 0F 43 
0E 88 0F 73 89 4E 18 00 89 4F 1A 00 79 09 24 00 
00 18 C9 43 4A 00 00 18 C9 43 4E 00 C9 43 52 00 
CC 0A 3D 01 00 00 CE 04 B1 13 DE 24 79 0C 00 00 
D6 03 0B 24 76 09 00 00 08 3C 32 C2 03 43 03 43 
FF 3F 32 C2 03 43 03 43 FF 3F A1 00 04 00 64 16 
10 01 3C 40 50 01 B1 13 02 25 5C 43 3D 40 FF 00 
B1 13 7E 25 6C 43 3D 40 FF 00 B1 13 7E 25 7C 40 
03 00 3D 40 FF 00 B1 13 7E 25 6C 42 3D 40 FF 00 
B1 13 7E 25 7C 40 0D 00 3D 43 B1 13 7E 25 5C 43 
3D 40 FF 00 B1 13 40 22 6C 43 3D 40 FF 00 B1 13 
40 22 7C 40 03 00 3D 40 FF 00 B1 13 40 22 6C 42 
3D 40 FF 00 B1 13 40 22 7C 40 0D 00 3D 43 B1 13 
40 22 6C 43 1D 43 B1 13 7E 25 6C 43 1D 43 B1 13 
40 22 6C 43 2D 43 6E 43 B1 13 80 1A 6C 43 1D 43 
6E 43 B1 13 F2 1A 7C 40 0D 00 3D 40 30 00 5E 43 
B1 13 80 1A 0C 43 3D 40 0C 00 B1 13 84 26 3C 40 
00 80 0D 43 0E 43 0F 43 B1 13 96 26 5C 43 0D 43 
0E 43 B1 13 46 1C 6C 42 3D 40 03 00 0E 43 B1 13 
46 1C 6C 43 3D 40 03 00 0E 43 B1 13 46 1C 0C 43 
B1 13 5A 21 B1 13 04 27 10 01 1A 14 0A 43 09 43 
82 93 24 1D 60 24 32 C2 03 43 03 43 92 53 62 1D 
92 83 24 1D 82 93 24 1D 4A 20 82 93 0A 1D 47 24 
2B 3C 2F 00 AC 1C 3A 0F 0C 00 CC 0A AC 00 18 00 
B1 13 94 21 CC 0A AC 00 04 00 B1 13 94 21 92 9A 
2C 00 10 1D 03 2C 92 4A 2C 00 10 1D 1C 4A 2C 00 
3D 40 12 00 B1 13 D2 25 0C 4C AC 00 00 1C CD 0A 
AD 00 04 00 B1 13 94 24 2F 00 04 1D 9A 9F 2C 00 
2C 00 02 28 92 43 16 1D 82 93 A2 1C D2 23 DA 03 
02 24 B1 13 96 23 1A 42 14 1D 0A 93 0A 24 B1 13 
CA 08 0C 93 02 24 92 43 16 1D 1A 83 F8 23 82 43 
14 1D 82 93 16 1D 03 24 19 43 B1 13 E4 0F 82 93 
62 1D 07 24 92 83 62 1D 04 20 03 43 32 D2 03 43 
03 43 CC 09 04 3C 32 C2 03 43 03 43 FF 3F 19 16 
10 01 0A 14 3C 40 00 38 0D 43 8E 00 00 44 0F 4E 
0F 19 4E 10 0E 4E 1F B3 0F 24 1F 53 0E 63 3F F0 
FE FF 3E F3 0C 8F 0D 7E 8B 00 00 44 0A 4B 0F 19 
4B 10 0B 4B 0C 5A 0D 6B CB 0E 0F 18 4B 5B 00 18 
4B DF 60 0B F0 1C 00 18 C2 43 F4 1C 0F 4B CE 0B 
0F 19 4E 10 0E 4E 0F 5C 0E 6D 3F 82 0E 73 3F F0 
FE FF 3E F3 82 4F 2E 1D 82 4E 30 1D B2 F0 0F 00 
30 1D 2D 00 2E 1D 00 18 CD 43 04 00 2D 00 2E 1D 
00 18 CD 43 00 00 CD 0B 0F 19 4D 10 0D 4D 0F 8B 
0E 7D 8B 4F 04 00 8B 4E 06 00 00 18 DB 42 2E 1D 
00 00 92 4B 04 00 36 1D 92 4B 06 00 38 1D 92 4B 
04 00 32 1D 92 4B 06 00 34 1D 82 43 3A 1D B2 40 
00 80 3C 1D 0A 16 10 01 0A 14 CA 0C 0F 43 DC 03 
4F 24 2E 00 04 1D 9A 9E 2C 00 2C 00 08 28 2E 00 
04 1D 9A 9E 2C 00 46 00 43 2C 1F 43 41 3C 8A 93 
1A 00 0B 38 3E 40 05 00 2D 00 04 1D 1E 8D 2C 00 
0F 73 8A 4E 18 00 8A 4F 1A 00 1C 4A 2C 00 3D 40 
12 00 B1 13 D2 25 0F 4C AF 00 00 1C 00 18 CA 9F 
14 00 20 20 CC 0A AC 00 04 00 B1 13 94 21 2F 00 
04 1D 9A 4F 2C 00 2C 00 92 9A 2C 00 10 1D 03 2C 
92 4A 2C 00 10 1D 1C 4A 2C 00 3D 40 12 00 B1 13 
D2 25 0C 4C AC 00 00 1C CD 0A AD 00 04 00 B1 13 
94 24 05 3C 2F 00 04 1D 9A 4F 2C 00 2C 00 1F 43 
CC 0F 0A 16 10 01 0A 14 CA 0C DC 03 50 24 8A 93 
48 00 49 24 8A 9D 46 00 02 28 1D 4A 46 00 8A 9D 
2C 00 45 24 9A 93 48 00 42 20 00 18 5A 92 04 1D 
36 24 1C 4A 2C 00 8A 4D 2C 00 8A 93 1A 00 09 38 
3E 40 05 00 0F 43 0E 8D 0F 73 8A 4E 18 00 8A 4F 
1A 00 3D 40 12 00 B1 13 D2 25 0F 4C AF 00 00 1C 
00 18 CA 9F 14 00 23 20 CC 0A AC 00 04 00 B1 13 
94 21 92 9A 2C 00 10 1D 03 2C 92 4A 2C 00 10 1D 
1C 4A 2C 00 3D 40 12 00 B1 13 D2 25 0C 4C AC 00 
00 1C CD 0A AD 00 04 00 B1 13 94 24 08 3C 32 C2 
03 43 03 43 FF 3F 32 C2 03 43 03 43 FF 3F 0A 16 
10 01 0A 14 CF 0D CA 0C DA 03 4A 24 32 C2 03 43 
03 43 92 53 62 1D 1C 4A 36 00 1D 4A 38 00 B1 13 
D2 25 0E 4C 00 18 6E 5A 7A 0E 08 00 8A 43 34 00 
00 18 EA 4A 04 00 1C 4A 36 00 1C 83 1D 4A 38 00 
B1 13 D2 25 0E 4C 00 18 6E 5A 7A 0E 0C 00 FA 43 
3A 00 FA 43 3B 00 0F 93 0D 20 8A 93 10 00 14 24 
CC 0A AC 00 10 00 B1 13 1A 16 0C 93 0D 24 B1 13 
E4 0F 0A 3C CC 0A AC 00 10 00 B1 13 F0 23 CC 0A 
AC 00 22 00 B1 13 F0 23 82 93 62 1D 07 24 92 83 
62 1D 04 20 03 43 32 D2 03 43 03 43 1C 43 04 3C 
32 C2 03 43 03 43 FF 3F 0A 16 10 01 02 12 BF 14 
1E 42 62 1D 0E 14 2C 00 04 1D 7C 01 00 00 B1 13 
CA 08 B1 13 9C 07 2C 00 04 1D 01 0C 0F 16 82 4F 
62 1D B4 16 03 43 32 41 03 43 10 01 02 12 BF 14 
1E 42 62 1D 0E 14 2C 00 04 1D 7C 01 00 00 B1 13 
CA 08 2C 00 04 1D 01 0C 0F 16 82 4F 62 1D B4 16 
03 43 32 41 03 43 10 01 02 12 32 C2 03 43 BF 14 
1E 42 62 1D 0E 14 2C 00 04 1D 7C 01 00 00 B1 13 
9C 07 2C 00 04 1D 01 0C 0F 16 82 4F 62 1D B4 16 
03 43 32 41 03 43 10 01 B1 13 6E 24 2C 00 04 1D 
01 0C 0F 16 82 4F 62 1D B4 16 03 43 32 41 03 43 
10 01 2A 14 B1 00 08 00 40 3C 3E 0F 0A 00 29 4E 
1A 4E 02 00 3F 0F 0A 00 38 0F 0C 00 CC 08 AC 00 
04 00 B1 13 94 21 CC 08 CF 08 AF 00 22 00 6F 13 
98 93 1C 00 2A 20 CE 09 CF 0A 1E 58 18 00 1F 68 
1A 00 0A 9F 15 28 02 20 09 9E 12 28 00 18 C1 43 
00 00 00 18 C1 43 04 00 CC 08 0D 43 CE 09 CF 0A 
B1 13 02 15 0C 93 11 20 32 C2 03 43 03 43 FF 3F 
88 4E 04 00 88 4F 06 00 78 08 10 00 CD 08 AD 00 
04 00 2C 00 E8 1C B1 13 76 1E 2F 00 E8 1C 8F 93 
00 00 BB 23 00 18 D2 42 EC 1C E8 1C 60 0F EC 1C 
A1 00 08 00 28 16 10 01 0A 14 CA 0C 32 C2 03 43 
03 43 92 53 62 1D 92 53 0A 1D 00 18 C2 93 04 1D 
08 20 60 0A 04 1D 92 93 0A 1D 0E 20 B1 13 AC 1C 
0B 3C 82 93 12 1D 08 20 2F 00 04 1D 9A 9F 2C 00 
2C 00 02 28 60 0A 04 1D 92 53 1A 1D 9A 42 1A 1D 
42 00 92 9A 2C 00 10 1D 03 2C 92 4A 2C 00 10 1D 
1C 4A 2C 00 3D 40 12 00 B1 13 D2 25 0C 4C AC 00 
00 1C CD 0A AD 00 04 00 B1 13 94 24 82 93 62 1D 
07 24 92 83 62 1D 04 20 03 43 32 D2 03 43 03 43 
82 93 12 1D 08 24 2F 00 04 1D 9F 9A 2C 00 2C 00 
02 2C B1 13 E4 0F 0A 16 10 01 1A 14 C9 0C 32 C2 
03 43 03 43 92 53 62 1D 5A 49 3B 00 8A 11 1A 93 
10 38 89 93 22 00 0D 24 CC 09 AC 00 22 00 B1 13 
1A 16 0C 93 02 24 B1 13 10 27 5A 83 8A 11 1A 93 
F0 37 F9 43 3B 00 82 93 62 1D 07 24 92 83 62 1D 
04 20 03 43 32 D2 03 43 03 43 32 C2 03 43 03 43 
92 53 62 1D 5A 49 3A 00 8A 11 1A 93 10 38 89 93 
10 00 0D 24 CC 09 AC 00 10 00 B1 13 1A 16 0C 93 
02 24 B1 13 10 27 5A 83 8A 11 1A 93 F0 37 F9 43 
3A 00 82 93 62 1D 07 24 92 83 62 1D 04 20 03 43 
32 D2 03 43 03 43 19 16 10 01 3A 14 C7 0E C9 0C 
08 43 1A 49 34 00 89 93 38 00 0D 20 00 18 C9 93 
00 00 3C 20 3C 09 08 00 B1 13 72 14 C8 0C 00 18 
C9 43 08 00 33 3C 07 93 15 20 3C 09 04 00 1E 49 
38 00 0F 43 B1 13 1E 21 1F 49 38 00 00 18 C9 5F 
04 00 00 18 D9 99 08 00 04 00 20 28 00 18 E9 49 
04 00 1C 3C 3C 09 0C 00 1E 49 38 00 0F 43 B1 13 
1E 21 1F 49 38 00 00 18 C9 8F 0C 00 00 18 E9 99 
0C 00 07 2C 1E 49 38 00 3F 09 08 00 FF 0E 79 0F 
0C 00 27 93 03 20 0A 93 01 24 1A 83 1A 53 89 4A 
34 00 CC 08 37 16 10 01 0A 14 DC 03 46 24 DD 03 
40 24 32 C2 03 43 03 43 92 53 62 1D 1A 42 0C 1D 
1B 42 0E 1D CE 0A CF 0B 1E 8C 02 00 1F 7C 04 00 
BD 93 02 00 03 20 BD 93 00 00 1F 24 A2 9C 18 1D 
07 24 1B 9C 04 00 04 28 16 20 1A 9C 02 00 13 2C 
1F 9D 02 00 08 28 02 20 2E 9D 05 28 00 18 CD 43 
00 00 1C 43 0B 3C 8D 8E 00 00 8D 7F 02 00 B1 13 
70 26 0C 43 03 3C 1C 43 01 3C 0C 43 82 93 62 1D 
10 24 92 83 62 1D 0D 20 03 43 32 D2 03 43 03 43 
08 3C 32 C2 03 43 03 43 FF 3F 32 C2 03 43 03 43 
FF 3F 0A 16 10 01 4A 14 C6 0E C9 0C CA 0D 17 42 
0C 1D 18 42 0E 1D 2C 42 00 18 5C 52 04 1D B1 13 
94 21 3A 93 04 20 39 93 02 20 06 93 2A 20 09 57 
0A 68 2F 00 04 1D 8F 49 04 00 8F 4A 06 00 0A 98 
17 28 02 20 09 97 14 28 2D 42 00 18 5D 52 04 1D 
2C 00 E0 1C B1 13 76 1E 1A 92 1E 1D 04 28 19 20 
19 92 1C 1D 16 2C 82 49 1C 1D 82 4A 1E 1D 11 3C 
2D 42 00 18 5D 52 04 1D 2C 00 E4 1C B1 13 76 1E 
08 3C 2D 42 00 18 5D 52 04 1D 8C 00 B4 1C B1 13 
94 24 46 16 10 01 0A 14 DC 03 43 24 BC 00 08 00 
CA 0C 1E 42 3A 1D 1F 42 3C 1D 1E FA 04 00 1F FA 
06 00 0F 93 02 20 0E 93 30 24 00 18 CA 93 00 00 
28 20 1E 42 3A 1D 1F 42 3C 1D 1E FA 04 00 1F FA 
06 00 0F 93 02 20 0E 93 24 24 00 18 CA 93 00 00 
20 20 1E 42 3A 1D 1F 42 3C 1D 3E E3 3F E3 8A FE 
04 00 8A FF 06 00 B1 13 16 27 92 5A 04 00 32 1D 
92 6A 06 00 34 1D CC 0A B1 13 64 1B B1 13 E6 0B 
08 3C 32 C2 03 43 03 43 FF 3F 32 C2 03 43 03 43 
FF 3F 0A 16 10 01 0A 14 CA 0C 0F 43 DC 03 37 24 
00 18 5A 92 04 1D 39 20 8A 93 48 00 32 24 9A 83 
48 00 9A 9A 46 00 2C 00 2A 24 8A 93 48 00 27 20 
AC 00 04 00 B1 13 94 21 9A 4A 46 00 2C 00 3E 40 
05 00 0F 43 1E 8A 2C 00 0F 73 8A 4E 18 00 8A 4F 
1A 00 92 9A 2C 00 10 1D 03 2C 92 4A 2C 00 10 1D 
1C 4A 2C 00 3D 40 12 00 B1 13 D2 25 0C 4C AC 00 
00 1C CD 0A AD 00 04 00 B1 13 94 24 1F 43 CC 0F 
08 3C 32 C2 03 43 03 43 FF 3F 32 C2 03 43 03 43 
FF 3F 0A 16 10 01 2A 14 B1 00 10 00 CA 0E CB 0C 
18 41 24 00 19 41 26 00 3E 01 20 00 0C 43 DB 03 
31 24 00 18 C2 93 4A 1D 31 24 81 4D 02 00 81 4A 
04 00 81 4F 06 00 71 0B 08 00 3D 90 06 00 1A 34 
B1 13 EA 25 2C 93 0B 24 81 43 00 00 2C 00 4A 1D 
CD 01 ED 03 0E 43 0F 43 B1 13 F4 01 17 3C 81 43 
00 00 2C 00 4A 1D CD 01 ED 03 CE 08 CF 09 B1 13 
F4 01 0C 3C 2C 00 4A 1D CD 01 ED 03 0F 43 B1 13 
24 17 04 3C 32 C2 03 43 03 43 FF 3F A1 00 10 00 
28 16 10 01 6A 14 B1 00 16 00 C5 0F C8 0E C4 0D 
71 0C 12 00 37 01 38 00 16 41 36 00 CC 08 0D 43 
5C 02 0D 6D 5C 02 0D 6D B1 13 0E 05 C9 0C D9 03 
0F 24 3C 40 54 00 0D 43 B1 13 0E 05 CA 0C DA 03 
04 20 CC 09 B1 13 E2 13 04 3C 7A 09 2E 00 01 3C 
0A 43 DA 03 02 20 3C 43 16 3C 71 05 00 00 81 46 
04 00 71 07 06 00 71 0A 0A 00 00 18 C1 43 0E 00 
CE 08 0F 43 3C 01 12 00 CD 04 B1 13 F4 09 CC 0A 
B1 13 D4 10 1C 43 A1 00 16 00 64 16 10 01 0A 14 
3F 0C 0A 00 3A 0F 0C 00 DA 03 36 24 CC 0A AC 00 
18 00 B1 13 94 21 82 93 24 1D 1B 20 CC 0A AC 00 
04 00 B1 13 94 21 92 9A 2C 00 10 1D 03 2C 92 4A 
2C 00 10 1D 1C 4A 2C 00 3D 40 12 00 B1 13 D2 25 
0C 4C AC 00 00 1C CD 0A AD 00 04 00 B1 13 94 24 
07 3C CD 0A AD 00 18 00 8C 00 A2 1C B1 13 94 24 
2F 00 04 1D 9F 9A 2C 00 2C 00 02 28 0C 43 08 3C 
1C 43 92 43 16 1D 04 3C 32 C2 03 43 03 43 FF 3F 
0A 16 10 01 4A 14 B1 00 08 00 C6 0E C9 0F C7 0C 
C8 0D 2F 00 E8 1C 3F 0F 0A 00 3A 0F 0C 00 CC 0A 
AC 00 04 00 B1 13 94 21 9A 93 1C 00 20 20 CF 06 
81 49 00 00 81 47 02 00 81 48 04 00 CD 07 CE 08 
1D 5A 18 00 1E 6A 1A 00 CC 0A B1 13 9E 18 0C 93 
0E 24 00 18 C1 43 00 00 00 18 C1 43 04 00 CC 0A 
0D 43 CE 07 CF 08 B1 13 02 15 0C 93 05 24 CC 0A 
AA 00 22 00 6A 13 04 3C 32 C2 03 43 03 43 FF 3F 
A1 00 08 00 46 16 10 01 2A 14 C9 0E CE 0F C8 0C 
D8 03 35 24 DD 03 03 20 88 93 38 00 2C 20 2E 93 
03 20 98 93 36 00 23 20 98 98 36 00 34 00 02 28 
2E 93 1B 20 5A 48 3B 00 8A 11 B1 13 16 12 3A 93 
0F 20 88 93 22 00 0F 24 CC 08 AC 00 22 00 B1 13 
1A 16 0C 93 08 24 D9 03 06 24 99 43 00 00 03 3C 
5A 53 C8 4A 3B 00 1C 43 0E 3C 0C 43 0C 3C 32 C2 
03 43 03 43 FF 3F 32 C2 03 43 03 43 FF 3F 32 C2 
03 43 03 43 FF 3F 28 16 10 01 0A 14 CA 0D DC 03 
35 24 8C 93 38 00 2E 20 00 18 CC 93 00 00 04 20 
00 18 CC 93 08 00 22 20 1F 4C 34 00 1F 9C 36 00 
1B 2C 5E 4C 3B 00 8E 11 1F 53 8C 4F 34 00 3E 93 
0E 20 8C 93 22 00 0E 24 AC 00 22 00 B1 13 1A 16 
0C 93 08 24 DA 03 06 24 9A 43 00 00 03 3C 5E 53 
CC 4E 3B 00 1C 43 0E 3C 0C 43 0C 3C 32 C2 03 43 
03 43 FF 3F 32 C2 03 43 03 43 FF 3F 32 C2 03 43 
03 43 FF 3F 0A 16 10 01 B1 00 06 00 1C 43 1D 43 
4E 43 B1 13 C8 1D 60 0C 5E 1D 00 18 C2 93 5E 1D 
2E 24 1C 43 0D 43 7E 40 03 00 B1 13 C8 1D 60 0C 
F8 1C 1C 43 0D 43 7E 40 03 00 B1 13 C8 1D 60 0C 
FC 1C 91 43 00 00 00 18 C1 43 02 00 8C 01 50 20 
8D 00 5E 7D 3E 40 55 00 0F 43 B1 13 90 15 A1 43 
00 00 00 18 C1 43 02 00 8C 01 CA 1E 8D 00 68 7D 
3E 40 55 00 0F 43 B1 13 90 15 B1 13 0E 1D FF 3F 
03 43 2A 14 18 41 12 00 19 41 14 00 1B 41 10 00 
0A 43 8C 4D 04 00 8C 4E 06 00 7C 0C 10 00 0B 9E 
03 28 16 20 0F 9D 14 2C 0B 99 03 28 09 20 0F 98 
07 2C 0E 99 05 28 02 20 0D 98 02 28 1A 43 1B 3C 
AC 00 04 00 CD 0C 2C 00 E8 1C B1 13 76 1E 13 3C 
CE 0B 0F 88 0E 79 1E 9C 1A 00 04 28 0B 20 1F 9C 
18 00 08 2C AC 00 04 00 CD 0C 2C 00 EC 1C B1 13 
76 1E 01 3C 1A 43 CC 0A 28 16 10 01 4A 14 F1 03 
CA 0E C6 0C C7 0D B1 13 16 27 CC 01 B1 13 08 22 
C8 0C C9 0D 81 93 00 00 29 20 0A 93 05 20 09 97 
03 28 1B 20 08 96 19 2C 0A 93 07 24 0A 43 2F 00 
EC 1C 8F 93 00 00 01 20 1A 43 CD 06 CE 07 0D 88 
0E 79 2C 00 4A 1D CF 0A B1 13 6C 1F B1 13 E6 0B 
0C 93 0E 20 B1 13 E4 0F 0B 3C B1 13 E6 0B CC 06 
CD 07 CE 08 CF 09 B1 13 A0 16 02 3C B1 13 E6 0B 
E1 03 46 16 10 01 3A 14 40 18 1A 42 5C 01 40 18 
B2 40 80 5A 5C 01 8F 00 7A 7D 9F 00 86 7D 25 24 
89 00 96 7D 8F 00 A6 7D D9 0F 1F 24 CE 09 0F 19 
4E 10 0E 4E 0C 4F 0F 19 4F 10 0C 89 0D 4F 0D 7E 
B1 13 10 21 C8 0C C7 0D 0C 09 7F 4C 5F 06 00 18 
5F 4F 7A 7D A9 00 04 00 0D 09 4F 13 A9 00 04 00 
18 83 07 73 F1 23 08 93 EF 23 7A C2 3A D0 08 5A 
40 18 82 4A 5C 01 B1 13 1C 27 37 16 10 01 2A 14 
78 4C 09 43 14 3C 0B 4B CE 0D FE 0B BE 00 01 00 
AD 00 01 00 FD 4E FF FF 1F 83 FA 23 04 3C AD 00 
01 00 FD 4C FF FF 58 03 19 53 39 92 E9 37 18 B3 
F6 23 7B 4C 7F 4C CE 0B 5E 0E CB 0F 5B 0F 3B F0 
0F 00 0B DE 3F F0 0F 00 3F 50 03 00 3F 90 12 00 
0C 20 7E 4C 3E B0 80 00 07 24 7A 4C 3E F0 7F 00 
4A 4A 46 18 0A 5A 0E DA 0F 5E 3B 90 FF 0F CB 23 
28 16 10 01 4F 4C 5F 02 40 18 1F 4F 3C 7D 5C B3 
02 20 4D 4D 8D 10 CC 0F 2C 52 0C 4C 8C CD 00 00 
4E 4E 1E 83 1C 24 1E 83 0E 24 1E 83 23 20 CE 0F 
3E 50 0A 00 0E 4E 8E DD 00 00 3F 50 0C 00 0F 4F 
8F DD 00 00 17 3C CE 0F 3E 50 0A 00 0E 4E 8E CD 
00 00 3F 50 0C 00 0F 4F 8F DD 00 00 0B 3C CE 0F 
3E 50 0A 00 0E 4E 8E DD 00 00 3F 50 0C 00 0F 4F 
8F CD 00 00 10 01 4F 4C 5F 02 40 18 1F 4F 3C 7D 
5C B3 02 20 4D 4D 8D 10 CC 0F 2C 52 0C 4C 8C DD 
00 00 4E 4E 1E 83 1C 24 1E 83 0E 24 1E 83 23 20 
CE 0F 3E 50 0A 00 0E 4E 8E DD 00 00 3F 50 0C 00 
0F 4F 8F DD 00 00 17 3C CE 0F 3E 50 0A 00 0E 4E 
8E CD 00 00 3F 50 0C 00 0F 4F 8F DD 00 00 0B 3C 
CE 0F 3E 50 0A 00 0E 4E 8E DD 00 00 3F 50 0C 00 
0F 4F 8F CD 00 00 10 01 8E 00 F0 1C 01 3C 0E 0E 
00 18 CE 9C 00 00 FB 2B CF 0E 00 18 5F 5E 04 00 
DF 0C 07 20 9E 5C 04 00 04 00 9E 6C 06 00 06 00 
CC 0E CF 0C 00 18 5F 5C 04 00 00 18 6F 9E 15 20 
00 18 E2 9E 2E 1D 05 20 00 18 DC 42 2E 1D 00 00 
0F 3C 0F 0E 9C 5F 04 00 04 00 9C 6F 06 00 06 00 
0F 0E 00 18 EC 4F 00 00 03 3C 00 18 EC 4E 00 00 
DE 0C 02 24 7E 0C 00 00 10 01 3A 14 C7 0E C8 0C 
D8 03 2D 24 DD 03 03 20 88 93 38 00 24 20 19 48 
34 00 09 93 1E 24 5A 48 3A 00 8A 11 B1 13 74 22 
19 83 88 49 34 00 3A 93 0F 20 88 93 10 00 0F 24 
CC 08 AC 00 10 00 B1 13 1A 16 0C 93 08 24 D7 03 
06 24 97 43 00 00 03 3C 5A 53 C8 4A 3A 00 1C 43 
0A 3C 0C 43 08 3C 32 C2 03 43 03 43 FF 3F 32 C2 
03 43 03 43 FF 3F 37 16 10 01 B2 40 00 A5 60 01 
4C 4C 1C 83 1C 24 1C 83 0F 24 2C 83 26 20 B2 F0 
8F FF 64 01 5D 0E 82 DD 64 01 B2 F0 8F FF 66 01 
5E 0E 82 DE 66 01 19 3C B2 F0 F8 FF 64 01 82 DD 
64 01 B2 F0 F8 FF 66 01 82 DE 66 01 0E 3C B2 F0 
FF F8 64 01 4D 4D 8D 10 82 DD 64 01 B2 F0 FF F8 
66 01 4E 4E 8E 10 82 DE 66 01 C2 43 61 01 10 01 
0A 14 0A 43 3A 90 05 00 0E 2C CC 0A 3D 40 12 00 
B1 13 D2 25 0C 4C AC 00 00 1C B1 13 F0 23 1A 53 
3A 90 05 00 F2 2B 8C 00 7E 1C B1 13 F0 23 8C 00 
90 1C B1 13 F0 23 8C 00 A2 1C B1 13 F0 23 8C 00 
C6 1C B1 13 F0 23 8C 00 B4 1C B1 13 F0 23 00 18 
F2 40 7E 1C E0 1C 00 18 F2 40 90 1C E4 1C 0A 16 
10 01 B1 00 06 00 81 43 00 00 00 18 F1 40 20 1D 
02 00 8C 01 44 26 8D 00 0A 7D 3E 40 55 00 0F 43 
B1 13 90 15 1C 93 02 20 B1 13 BA 1F 1C 93 06 24 
3C 93 14 20 32 C2 03 43 03 43 FF 3F 32 C2 03 43 
03 43 B2 43 1C 1D B2 43 1E 1D 92 43 12 1D 00 18 
C2 43 0C 1D B1 13 A8 26 B1 13 14 10 A1 00 06 00 
10 01 32 C2 03 43 03 43 92 53 62 1D 00 18 C2 93 
4A 1D 19 20 8C 00 5A 1C B1 13 F0 23 8C 00 6C 1C 
B1 13 F0 23 00 18 F2 40 5A 1C E8 1C 00 18 F2 40 
6C 1C EC 1C 3C 40 05 00 3D 40 0E 00 4E 43 B1 13 
C8 1D 60 0C 4A 1D 82 93 62 1D 07 24 92 83 62 1D 
04 20 03 43 32 D2 03 43 03 43 10 01 3A 14 B1 00 
04 00 C7 0E C9 0D C8 0C 08 93 1C 24 09 93 03 20 
0C 43 0D 43 03 3C B1 13 D2 25 0D 43 3C 50 40 00 
0D 63 B1 13 0E 05 CA 0C DA 03 0A 24 CE 0A AE 00 
40 00 71 0A 00 00 CC 08 CD 09 CF 07 B1 13 1C 24 
CC 0A 04 3C 32 C2 03 43 03 43 FF 3F A1 00 04 00 
37 16 10 01 6A 14 C5 0F C8 0D C9 0E C4 0C 3A 01 
28 00 37 01 24 00 36 01 20 00 09 93 02 20 08 93 
16 24 DA 03 18 24 B1 13 6E 1D 7A 04 00 00 8A 48 
18 00 8A 49 1A 00 8A 45 1C 00 7A 06 1E 00 7A 07 
22 00 CC 0A AC 00 04 00 B1 13 FC 26 04 3C 32 C2 
03 43 03 43 FF 3F 64 16 10 01 0A 14 2B 4D 1E 4D 
02 00 3E 93 02 20 3B 93 0E 24 CF 0C AF 00 06 00 
3A 0F 04 00 1E 9A 02 00 08 28 02 20 2B 9A 05 28 
3F 0F 04 00 F5 3F 3F 0C 0E 00 00 18 DD 4F 04 00 
04 00 3E 0D 04 00 7E 0D 08 00 7D 0F 08 00 7F 0D 
04 00 7D 0C 10 00 9C 53 00 00 0A 16 10 01 B1 00 
08 00 00 18 C1 43 00 00 80 18 F1 40 DC 26 04 00 
8C 00 58 7D 3D 40 E8 03 0E 43 1F 43 B1 13 98 20 
60 0C 00 1D B1 13 46 24 CE 0C CF 0D 00 18 C1 43 
00 00 00 18 C1 43 04 00 2C 00 00 1D 1D 43 B1 13 
02 15 3C 40 64 00 0D 43 B1 13 A8 22 FA 3F 03 43 
0A 14 82 93 08 1D 22 24 32 C2 03 43 03 43 92 53 
62 1D 2F 00 D0 1C 3A 0F 0C 00 CC 0A AC 00 04 00 
B1 13 94 21 92 83 0A 1D 92 83 08 1D 82 93 62 1D 
07 24 92 83 62 1D 04 20 03 43 32 D2 03 43 03 43 
CC 0A B1 13 18 26 82 93 08 1D DE 23 0A 16 10 01 
0A 14 CA 0C 32 C2 03 43 03 43 92 53 62 1D FA 93 
3A 00 02 20 CA 43 3A 00 FA 93 3B 00 02 20 CA 43 
3B 00 82 93 62 1D 07 24 92 83 62 1D 04 20 03 43 
32 D2 03 43 03 43 8A 93 34 00 04 20 AC 00 22 00 
B1 13 CE 21 CC 0A B1 13 76 11 0A 16 10 01 0A 14 
B1 00 06 00 0A 43 B1 13 6E 1D 00 18 C2 93 4A 1D 
10 24 A1 42 00 00 00 18 F1 40 4E 1D 02 00 8C 01 
5A 26 8D 00 72 7D 3E 40 55 00 0F 43 B1 13 90 15 
CA 0C 0A 93 02 24 CC 0A 04 3C 32 C2 03 43 03 43 
FF 3F A1 00 06 00 0A 16 10 01 4F 4C 5F 02 40 18 
1F 4F 3C 7D 5C B3 02 20 4D 4D 8D 10 CE 0F 3E 50 
0A 00 0E 4E 8E CD 00 00 CE 0F 3E 50 0C 00 0E 4E 
8E CD 00 00 CE 0F 2E 52 0E 4E 8E CD 00 00 CE 0F 
3E 50 06 00 0E 4E 8E DD 00 00 2F 53 0F 4F 8F DD 
00 00 10 01 5C 43 2D 43 B1 13 06 20 5C 43 2D 43 
5E 43 B1 13 0C 23 5C 43 2D 43 B1 13 42 25 5C 43 
2D 43 B1 13 60 25 2C 00 F8 1C 3D 43 3E 43 B1 13 
00 00 0C 93 04 24 5C 43 1D 43 B1 13 9A 25 3C 40 
64 00 0D 43 B1 13 A8 22 EE 3F 03 43 6A 14 B1 00 
0C 00 C7 0F C5 0D C6 0E C4 0C 39 01 30 00 38 01 
2C 00 3C 40 28 00 0D 43 B1 13 0E 05 CA 0C DA 03 
0C 24 71 08 00 00 71 09 04 00 71 0A 08 00 CC 04 
CD 05 CE 06 CF 07 B1 13 20 1E CC 0A A1 00 0C 00 
64 16 10 01 5D 01 5C 00 5D 01 5C 00 5D 01 5C 00 
5D 01 5C 00 5D 01 5C 00 5D 01 5C 00 5D 01 5C 00 
5D 01 5C 00 5D 01 5C 00 5D 01 5C 00 5D 01 5C 00 
5D 01 5C 00 5D 01 5C 00 5D 01 5C 00 5D 01 5C 00 
10 01 2A 14 0F 93 02 20 0E 93 17 24 09 43 08 43 
CB 08 0F 18 4B 5B 00 18 4B D9 EB 0D CA 08 0F 18 
4A 5A 00 18 4A D9 EA 0C EA 4B 00 00 19 53 08 63 
08 9F EE 2B 02 20 09 9E EB 2B 28 16 10 01 B2 40 
00 A5 60 01 92 C3 68 01 B2 D0 C0 00 68 01 B2 F0 
EF FF 68 01 04 3C D2 C3 6A 01 E2 C3 02 01 D2 B3 
6A 01 F9 23 3F 40 3F FF 1F F2 68 01 0C DF 82 4C 
68 01 C2 43 61 01 10 01 3F 0C 10 00 3E 0C 04 00 
00 18 DE 4C 08 00 08 00 3E 0C 08 00 00 18 DE 4C 
04 00 04 00 00 18 CF 9C 02 00 04 20 00 18 DF 4C 
08 00 02 00 00 18 CC 43 10 00 9F 83 00 00 2C 4F 
10 01 2A 14 CA 0F C8 0D C9 0E DC 03 11 24 3D 40 
18 00 00 18 5D 52 04 1D B1 13 94 24 0A 93 02 24 
38 43 39 43 CC 08 CD 09 CE 0A B1 13 52 13 04 3C 
32 C2 03 43 03 43 FF 3F 28 16 10 01 2A 14 C8 0C 
B1 13 46 24 C9 0C CA 0D 1A 92 54 1D 07 28 03 20 
19 92 52 1D 03 28 88 43 00 00 04 3C B1 13 2E 10 
98 43 00 00 82 49 52 1D 82 4A 54 1D CC 09 CD 0A 
28 16 10 01 4F 4C 5F 02 40 18 1F 4F 3C 7D 5C B3 
02 20 4D 4D 8D 10 CE 0F 3E 50 0A 00 0E 4E 8E CD 
00 00 CE 0F 3E 50 0C 00 0E 4E 8E CD 00 00 2F 52 
0F 4F 8F DD 00 00 10 01 CF 0C CC 0D 8F 93 38 00 
14 24 1E 4F 38 00 00 18 CF 5E 0C 00 00 18 DF 9F 
08 00 0C 00 03 28 00 18 EF 4F 0C 00 3D 0F 0C 00 
1E 4F 38 00 0F 43 B1 13 1E 21 10 01 0F 43 0D 93 
02 20 0C 93 0B 24 82 93 24 1D 0D 20 B1 13 16 27 
0E 43 B1 13 52 13 B1 13 E6 0B CF 0C 0F 93 07 20 
B1 13 E4 0F 04 3C 32 C2 03 43 03 43 FF 3F 10 01 
1A 14 C9 0D CA 0E DC 03 0D 24 3D 40 18 00 00 18 
5D 52 04 1D B1 13 76 1E CC 09 CD 0A 1E 43 B1 13 
52 13 04 3C 32 C2 03 43 03 43 FF 3F 19 16 10 01 
4F 4C 5F 02 40 18 1F 4F 3C 7D 5C B3 02 20 4D 4D 
8D 10 4E 93 06 20 3F 50 18 00 0F 4F 8F CD 00 00 
05 3C 3F 50 18 00 0F 4F 8F DD 00 00 10 01 0F 43 
2E 00 E8 1C 8E 93 00 00 01 20 1F 43 8C 4F 00 00 
8C 93 00 00 03 24 0C 43 0D 43 07 3C 2F 00 E8 1C 
3F 0F 0A 00 2C 4F 1D 4F 02 00 10 01 32 C2 03 43 
03 43 92 53 62 1D 9C 9C 36 00 34 00 02 24 0C 43 
01 3C 1C 43 82 93 62 1D 07 24 92 83 62 1D 04 20 
03 43 32 D2 03 43 03 43 10 01 2F 00 E0 1C 8F 93 
00 00 05 20 B2 43 1C 1D B2 43 1E 1D 0C 3C 2F 00 
E0 1C 3F 0F 0A 00 3F 0F 0C 00 92 4F 04 00 1C 1D 
92 4F 06 00 1E 1D 10 01 32 C2 03 43 03 43 92 53 
62 1D 8C 93 34 00 02 20 1C 43 01 3C 0C 43 82 93 
62 1D 07 24 92 83 62 1D 04 20 03 43 32 D2 03 43 
03 43 10 01 CF 0C AF 00 06 00 7C 0F 02 00 BC 43 
06 00 BC 43 08 00 CF 0C AF 00 06 00 7C 0F 0A 00 
CF 0C AF 00 06 00 7C 0F 0E 00 8C 43 00 00 10 01 
1A 14 C9 0F 3A 01 0C 00 0D 93 01 20 CE 0A 7A 0E 
00 00 8A 4C 36 00 8A 4D 38 00 CC 0A 1D 43 B1 13 
DE 0E CA 49 3E 00 19 16 10 01 32 C2 03 43 03 43 
92 53 62 1D 1C 42 0C 1D 1D 42 0E 1D 82 93 62 1D 
07 24 92 83 62 1D 04 20 03 43 32 D2 03 43 03 43 
10 01 82 43 40 03 B2 40 00 01 40 03 A2 D2 40 03 
B2 40 20 00 52 03 B2 40 10 00 42 03 A2 D2 40 03 
B2 D0 10 00 40 03 10 01 3F 0C 02 00 7D 0F 04 00 
00 18 DD 4F 08 00 08 00 3E 0F 08 00 7E 0D 04 00 
7F 0D 08 00 7D 0C 10 00 9C 53 00 00 10 01 1F 4C 
01 00 1E 4C 03 00 0E 93 02 20 0F 93 09 24 AD 00 
01 00 CD 43 FF FF 1F 83 0E 73 F9 23 0F 93 F7 23 
10 01 FC 03 7C 0D 00 00 FC 03 BC 42 00 00 BC 00 
04 00 BC 00 0C 00 7C 0E 00 00 BC 00 24 00 00 18 
CC 43 00 00 10 01 CF 0C 3F 50 0C 00 2F 4F 7F F0 
7F 00 7F D0 80 00 4F 4F 3F 50 00 5A 3C 50 0C 00 
8C 4F 00 00 10 01 CB 0C 0F 93 02 20 0E 93 0A 24 
4D 4D AB 00 01 00 CB 4D FF FF 1E 83 0F 73 F9 23 
0E 93 F7 23 10 01 4F 4C 5F 02 40 18 1F 4F 3C 7D 
5C B3 02 20 4D 4D 8D 10 3F 50 1C 00 0F 4F 8F CD 
00 00 10 01 4F 4C 5F 02 40 18 1F 4F 3C 7D 5C B3 
02 20 4D 4D 8D 10 3F 50 1A 00 0F 4F 8F DD 00 00 
10 01 4F 4C 5F 02 40 18 1F 4F 3C 7D 5C B3 02 20 
4D 4D 8D 10 2F 53 0F 4F 8F CD 00 00 10 01 4F 4C 
5F 02 40 18 1F 4F 3C 7D 5C B3 02 20 4D 4D 8D 10 
2F 53 0F 4F 8F ED 00 00 10 01 00 18 C2 93 04 1D 
07 24 3F 40 48 00 00 18 5F 52 04 1D 9F 53 00 00 
2C 00 04 1D 10 01 02 12 32 C2 03 43 82 4C C0 04 
82 4D C8 04 1C 42 CA 04 32 41 03 43 10 01 82 93 
12 1D 07 24 82 93 24 1D 02 20 2C 43 03 3C 0C 43 
01 3C 1C 43 10 01 CF 0C CC 0D CD 0F AD 00 05 00 
1E 4F 01 00 1F 4F 03 00 80 01 1E 21 0A 14 CA 0C 
3C 0A 2E 00 B1 13 E2 13 CC 0A B1 13 E2 13 0A 16 
10 01 8C 93 22 00 02 20 0C 43 05 3C 3F 0C 2C 00 
3C 40 05 00 2C 8F 10 01 B1 13 1C 1F A2 93 00 1C 
02 28 B1 13 E4 0F B1 13 D0 26 F6 3F 03 43 F1 03 
CC 01 B1 13 3A 23 2E 41 B1 13 18 19 B1 13 58 06 
F7 3F 03 43 9C 42 18 1D 00 00 9C 42 0C 1D 02 00 
9C 42 0E 1D 04 00 10 01 B2 40 00 A5 60 01 0C 5D 
82 4C 62 01 C2 43 61 01 10 01 82 4C 56 1D 82 4D 
58 1D 82 4E 5A 1D 82 4F 5C 1D 10 01 82 43 80 03 
A2 D2 80 03 B2 40 E2 01 80 03 10 01 3C 40 50 01 
B1 13 02 25 1C 43 10 01 B1 13 FE 0A B1 13 24 18 
0C 43 10 01 03 43 32 D0 F8 00 03 43 03 43 10 01 
6C 42 3D 40 40 00 B1 13 9A 25 10 01 32 C2 03 43 
03 43 FF 3F 03 43 32 C2 03 43 03 43 FF 3F 03 43 
00 18 CC 43 10 00 10 01 D2 C3 30 01 10 01 03 43 
FF 3F 03 43 92 43 16 1D 10 01 92 53 24 1D 10 01 
10 01 10 01 
q
